,date,open,high,low,adjClose,value,volume,count,yesterday,close,jdate
1880,2013-05-08,2100.0,2100.0,2100.0,2100.0,62194164900,29616269,10014,1000.0,2100.0,1392-02-18
1879,2013-05-11,2205.0,2205.0,2205.0,2205.0,33233760,15072,29,2100.0,2205.0,1392-02-21
1878,2013-05-12,2315.0,2315.0,2315.0,2315.0,423246820,182828,167,2205.0,2315.0,1392-02-22
1877,2013-05-13,2400.0,2400.0,2200.0,2269.0,32781427976,14449311,9667,2315.0,2243.0,1392-02-23
1876,2013-05-14,2189.0,2235.0,2156.0,2167.0,10014218581,4620654,3213,2269.0,2202.0,1392-02-24
1875,2013-05-15,2210.0,2250.0,2132.0,2169.0,4007020943,1847820,1229,2167.0,2145.0,1392-02-25
1874,2013-05-18,2141.0,2150.0,2061.0,2097.0,4644736169,2215106,1235,2169.0,2102.0,1392-02-28
1873,2013-05-19,2101.0,2198.0,2101.0,2156.0,2964390624,1375045,877,2097.0,2198.0,1392-02-29
1872,2013-05-20,2189.0,2189.0,2099.0,2125.0,3983038893,1874721,909,2156.0,2120.0,1392-02-30
1871,2013-05-21,2102.0,2120.0,2060.0,2091.0,2107296664,1007732,502,2125.0,2092.0,1392-02-31
1870,2013-05-22,2040.0,2100.0,2040.0,2071.0,1730930496,835688,392,2091.0,2095.0,1392-03-01
1869,2013-05-25,2094.0,2174.0,2072.0,2154.0,3905587424,1812915,1058,2071.0,2174.0,1392-03-04
1868,2013-05-26,2180.0,2220.0,2150.0,2180.0,4473644161,2052031,1070,2154.0,2177.0,1392-03-05
1867,2013-05-27,2165.0,2180.0,2122.0,2150.0,3535414355,1644215,791,2180.0,2150.0,1392-03-06
1866,2013-05-28,2159.0,2257.0,2115.0,2231.0,8312971115,3726672,1380,2150.0,2257.0,1392-03-07
1865,2013-05-29,2300.0,2342.0,2281.0,2338.0,17655594622,7550375,3061,2231.0,2342.0,1392-03-08
1864,2013-06-01,2400.0,2444.0,2253.0,2341.0,7350863719,3140167,1251,2338.0,2319.0,1392-03-11
1863,2013-06-02,2300.0,2370.0,2230.0,2277.0,3238827568,1422344,599,2341.0,2232.0,1392-03-12
1862,2013-06-03,2207.0,2280.0,2201.0,2231.0,4488228939,2012010,891,2277.0,2270.0,1392-03-13
1861,2013-06-08,2268.0,2268.0,2170.0,2199.0,1883954474,856711,359,2231.0,2175.0,1392-03-18
1860,2013-06-09,2199.0,2199.0,2133.0,2161.0,1383057384,640030,311,2199.0,2142.0,1392-03-19
1859,2013-06-10,2141.0,2230.0,2140.0,2182.0,1074601004,492563,289,2161.0,2171.0,1392-03-20
1858,2013-06-11,2154.0,2261.0,2154.0,2226.0,2937486461,1319474,507,2182.0,2261.0,1392-03-21
1857,2013-06-12,2250.0,2259.0,2190.0,2244.0,7530652268,3356173,926,2226.0,2249.0,1392-03-22
1856,2013-06-15,2280.0,2356.0,2280.0,2354.0,8344663562,3544593,933,2244.0,2356.0,1392-03-25
1855,2013-06-16,2450.0,2450.0,2265.0,2351.0,5051837541,2148947,810,2354.0,2270.0,1392-03-26
1854,2013-06-17,2271.0,2309.0,2240.0,2270.0,2373495628,1045710,462,2351.0,2275.0,1392-03-27
1853,2013-06-18,2270.0,2341.0,2253.0,2302.0,4284251048,1861432,758,2270.0,2302.0,1392-03-28
1852,2013-06-19,2300.0,2350.0,2260.0,2297.0,2211484056,962892,457,2302.0,2270.0,1392-03-29
1851,2013-06-22,2300.0,2411.0,2300.0,2399.0,6859991105,2859050,1036,2297.0,2411.0,1392-04-01
1850,2013-06-23,2512.0,2518.0,2460.0,2515.0,8865455522,3524543,856,2399.0,2518.0,1392-04-02
1849,2013-06-25,2640.0,2640.0,2522.0,2624.0,19305019516,7357514,2893,2515.0,2636.0,1392-04-04
1848,2013-06-26,2560.0,2700.0,2540.0,2628.0,9727271223,3701815,1554,2624.0,2550.0,1392-04-05
1847,2013-06-29,2600.0,2678.0,2560.0,2617.0,7466563583,2852661,1002,2628.0,2599.0,1392-04-08
1846,2013-06-30,2600.0,2740.0,2540.0,2660.0,10709837183,4026873,1725,2617.0,2709.0,1392-04-09
1845,2013-07-01,2740.0,2793.0,2700.0,2789.0,13453396054,4823001,1237,2660.0,2793.0,1392-04-10
1844,2013-07-02,2888.0,2888.0,2651.0,2777.0,8904417693,3206866,1054,2789.0,2750.0,1392-04-11
1843,2013-07-03,2699.0,2880.0,2699.0,2812.0,6339390005,2254260,790,2777.0,2756.0,1392-04-12
1842,2013-07-06,2952.0,2952.0,2928.0,2952.0,3560323234,1206124,248,2812.0,2952.0,1392-04-15
1841,2013-07-07,3099.0,3099.0,2805.0,2976.0,8266590906,2777444,973,2952.0,2888.0,1392-04-16
1840,2013-07-08,2860.0,2900.0,2828.0,2836.0,4586741985,1617087,530,2976.0,2828.0,1392-04-17
1839,2013-07-09,2722.0,2830.0,2711.0,2768.0,3533050958,1276531,488,2836.0,2767.0,1392-04-18
1838,2013-07-10,2703.0,2900.0,2703.0,2843.0,4703724406,1654604,572,2768.0,2790.0,1392-04-19
1837,2013-07-13,2930.0,2930.0,2711.0,2803.0,5070270945,1809156,672,2843.0,2711.0,1392-04-22
1836,2013-07-14,2780.0,2780.0,2663.0,2689.0,3922646014,1458942,607,2803.0,2729.0,1392-04-23
1835,2013-07-15,2711.0,2820.0,2711.0,2791.0,3918640992,1403853,650,2689.0,2800.0,1392-04-24
1834,2013-07-16,2820.0,2830.0,2731.0,2770.0,2423435332,874835,364,2791.0,2760.0,1392-04-25
1833,2013-07-17,2770.0,2898.0,2760.0,2845.0,4877403236,1714373,770,2770.0,2850.0,1392-04-26
1832,2013-07-20,2900.0,2987.0,2900.0,2940.0,3460424891,1176929,473,2845.0,2970.0,1392-04-29
1831,2013-07-21,2970.0,2970.0,2833.0,2876.0,1903946464,662071,316,2940.0,2834.0,1392-04-30
1830,2013-07-22,2888.0,2888.0,2771.0,2805.0,2472639313,881567,319,2876.0,2785.0,1392-04-31
1829,2013-07-23,2750.0,2910.0,2750.0,2864.0,2285250133,797784,348,2805.0,2845.0,1392-05-01
1828,2013-07-24,2900.0,2900.0,2782.0,2825.0,3393139172,1200973,505,2864.0,2830.0,1392-05-02
1827,2013-07-27,2830.0,2868.0,2702.0,2739.0,4516909514,1648997,615,2825.0,2720.0,1392-05-05
1826,2013-07-28,2703.0,2875.0,2660.0,2857.0,11828201750,4139426,1211,2739.0,2875.0,1392-05-06
1825,2013-07-29,2918.0,2975.0,2828.0,2912.0,5778387896,1984643,704,2857.0,2845.0,1392-05-07
1824,2013-07-31,2846.0,2846.0,2767.0,2794.0,3875582045,1387191,579,2912.0,2797.0,1392-05-09
1823,2013-08-03,2811.0,2882.0,2761.0,2814.0,2291633520,814337,358,2794.0,2772.0,1392-05-12
1822,2013-08-04,2850.0,2850.0,2760.0,2794.0,2196290041,786149,294,2814.0,2786.0,1392-05-13
1821,2013-08-05,2785.0,2849.0,2763.0,2794.0,1873115839,670428,259,2794.0,2767.0,1392-05-14
1820,2013-08-06,2839.0,2839.0,2767.0,2789.0,3396802050,1217722,529,2794.0,2780.0,1392-05-15
1819,2013-08-07,2780.0,2858.0,2780.0,2816.0,3054535162,1084579,436,2789.0,2795.0,1392-05-16
1818,2013-08-11,2800.0,2842.0,2767.0,2811.0,2185556135,777499,369,2816.0,2781.0,1392-05-20
1817,2013-08-12,2825.0,2825.0,2769.0,2782.0,1720417933,618504,275,2811.0,2780.0,1392-05-21
1816,2013-08-13,2750.0,2790.0,2691.0,2721.0,2186334256,803419,395,2782.0,2716.0,1392-05-22
1815,2013-08-14,2716.0,2775.0,2687.0,2729.0,2994278822,1097395,640,2721.0,2730.0,1392-05-23
1814,2013-08-17,2751.0,2783.0,2660.0,2700.0,3972555426,1471238,609,2729.0,2680.0,1392-05-26
1813,2013-08-18,2700.0,2729.0,2610.0,2662.0,4030223951,1514182,589,2700.0,2680.0,1392-05-27
1812,2013-08-19,2749.0,2795.0,2725.0,2790.0,7350075134,2634043,743,2662.0,2795.0,1392-05-28
1811,2013-08-20,2929.0,2929.0,2929.0,2929.0,19868959370,6783530,1409,2790.0,2929.0,1392-05-29
1810,2013-08-21,3075.0,3075.0,3075.0,3075.0,6961046625,2263755,488,2929.0,3075.0,1392-05-30
1809,2013-08-24,3228.0,3228.0,3111.0,3222.0,48484946546,15047657,3591,3075.0,3228.0,1392-06-02
1808,2013-08-25,3290.0,3383.0,3120.0,3263.0,30686494210,9405307,4030,3222.0,3383.0,1392-06-03
1807,2013-08-26,3370.0,3426.0,3303.0,3410.0,5117945911,1500996,519,3263.0,3426.0,1392-06-04
1806,2013-08-27,3569.0,3569.0,3240.0,3354.0,20738571702,6183661,1688,3410.0,3240.0,1392-06-05
1805,2013-08-28,3187.0,3200.0,3187.0,3187.0,8349690876,2619863,550,3354.0,3187.0,1392-06-06
1804,2013-08-31,3141.0,3186.0,3028.0,3068.0,4730168062,1541544,474,3187.0,3028.0,1392-06-09
1803,2013-09-01,3090.0,3221.0,3090.0,3205.0,5665022481,1767487,587,3068.0,3200.0,1392-06-10
1802,2013-09-03,3210.0,3279.0,3045.0,3091.0,3730382606,1206945,380,3205.0,3045.0,1392-06-12
1801,2013-09-04,2938.0,2938.0,2937.0,2937.0,485595069,165337,99,3091.0,2937.0,1392-06-13
1800,2013-09-07,2794.0,2900.0,2791.0,2800.0,4574247083,1633725,611,2937.0,2850.0,1392-06-16
1799,2013-09-08,2899.0,2940.0,2830.0,2916.0,2057605334,705534,258,2800.0,2940.0,1392-06-17
1798,2013-09-09,3000.0,3061.0,3000.0,3058.0,3601150046,1177508,503,2916.0,3058.0,1392-06-18
1797,2013-09-10,3150.0,3210.0,3101.0,3204.0,5643153946,1761451,847,3058.0,3210.0,1392-06-19
1796,2013-09-11,3250.0,3300.0,3045.0,3146.0,2324184669,738757,307,3204.0,3119.0,1392-06-20
1795,2013-09-14,3100.0,3100.0,3005.0,3029.0,2631529235,868663,412,3146.0,3050.0,1392-06-23
1794,2013-09-15,3000.0,3170.0,3000.0,3125.0,2580483764,825764,326,3029.0,3061.0,1392-06-24
1793,2013-09-16,3149.0,3149.0,2972.0,3008.0,2648862610,880653,350,3125.0,3040.0,1392-06-25
1792,2013-09-17,3050.0,3098.0,2941.0,3008.0,3049045288,1013641,541,3008.0,2970.0,1392-06-26
1791,2013-09-18,3033.0,3129.0,2981.0,3045.0,2531572538,831417,345,3008.0,3021.0,1392-06-27
1790,2013-09-21,3008.0,3197.0,3008.0,3146.0,4016170838,1276438,491,3045.0,3081.0,1392-06-30
1789,2013-09-22,3086.0,3128.0,3030.0,3067.0,1506014943,491016,198,3146.0,3045.0,1392-06-31
1788,2013-09-23,3100.0,3200.0,3071.0,3152.0,4094380431,1299183,484,3067.0,3150.0,1392-07-01
1787,2013-09-24,3180.0,3180.0,3063.0,3098.0,2346467771,757368,278,3152.0,3110.0,1392-07-02
1786,2013-09-25,3110.0,3178.0,3072.0,3104.0,1520610469,489966,213,3098.0,3114.0,1392-07-03
1785,2013-09-28,3111.0,3130.0,3047.0,3067.0,3530433635,1150925,606,3104.0,3090.0,1392-07-06
1784,2013-09-29,3138.0,3138.0,3020.0,3046.0,1296260085,425627,176,3067.0,3049.0,1392-07-07
1783,2013-09-30,3100.0,3100.0,3010.0,3036.0,1782266824,587108,270,3046.0,3039.0,1392-07-08
1782,2013-10-01,3030.0,3120.0,3030.0,3087.0,2839487362,919817,397,3036.0,3087.0,1392-07-09
1781,2013-10-02,3087.0,3145.0,3040.0,3063.0,2651925934,865861,501,3087.0,3057.0,1392-07-10
1780,2013-10-05,3100.0,3216.0,3100.0,3205.0,3859527447,1204342,384,3063.0,3216.0,1392-07-13
1779,2013-10-06,3272.0,3272.0,3160.0,3196.0,2561800731,801513,370,3205.0,3160.0,1392-07-14
1778,2013-10-07,3180.0,3260.0,3102.0,3189.0,1577804479,494780,238,3196.0,3150.0,1392-07-15
1777,2013-10-08,3199.0,3199.0,3121.0,3146.0,1270793260,403994,239,3189.0,3169.0,1392-07-16
1776,2013-10-09,3190.0,3190.0,3100.0,3122.0,1382064994,442708,225,3146.0,3120.0,1392-07-17
1775,2013-10-12,3167.0,3199.0,3090.0,3139.0,2512713229,800562,423,3122.0,3140.0,1392-07-20
1774,2013-10-13,3149.0,3189.0,3083.0,3118.0,2027854230,650347,300,3139.0,3083.0,1392-07-21
1773,2013-10-14,3158.0,3158.0,3000.0,3039.0,3605537213,1186579,430,3118.0,3000.0,1392-07-22
1772,2013-10-15,3127.0,3127.0,2989.0,3006.0,2649145611,881338,384,3039.0,3000.0,1392-07-23
1771,2013-10-19,3002.0,3094.0,2990.0,3004.0,5312445093,1768647,893,3006.0,3000.0,1392-07-27
1770,2013-10-20,3030.0,3030.0,2929.0,2950.0,3793757708,1286191,419,3004.0,2994.0,1392-07-28
1769,2013-10-21,3000.0,3000.0,2917.0,2931.0,1855668437,633069,441,2950.0,2925.0,1392-07-29
1768,2013-10-22,2950.0,2950.0,2856.0,2892.0,1848921453,639273,333,2931.0,2894.0,1392-07-30
1767,2013-10-23,2920.0,3036.0,2841.0,2983.0,2021151018,677568,271,2892.0,2956.0,1392-08-01
1766,2013-10-26,3000.0,3000.0,2900.0,2941.0,1261842369,429059,206,2983.0,2900.0,1392-08-04
1765,2013-10-27,2911.0,3034.0,2870.0,2921.0,930341618,318460,126,2941.0,2940.0,1392-08-05
1764,2013-10-28,3000.0,3000.0,2875.0,2912.0,675197093,231873,82,2921.0,2919.0,1392-08-06
1763,2013-10-29,2980.0,3057.0,2888.0,3004.0,2735758952,910772,408,2912.0,3057.0,1392-08-07
1762,2013-10-30,3060.0,3150.0,3021.0,3099.0,5247610390,1693423,999,3004.0,3087.0,1392-08-08
1761,2013-11-02,3087.0,3089.0,3000.0,3044.0,2232762339,733539,305,3099.0,3045.0,1392-08-11
1760,2013-11-03,3008.0,3079.0,3000.0,3041.0,2818675699,926920,384,3044.0,3000.0,1392-08-12
1759,2013-11-04,3079.0,3095.0,2988.0,3033.0,3852779828,1270082,967,3041.0,3005.0,1392-08-13
1758,2013-11-05,3079.0,3079.0,2991.0,3006.0,869363351,289241,153,3033.0,2991.0,1392-08-14
1757,2013-11-06,3059.0,3059.0,2975.0,3003.0,6958370942,2316908,1003,3006.0,3025.0,1392-08-15
1756,2013-11-09,3082.0,3090.0,3032.0,3057.0,1372542134,449003,196,3003.0,3062.0,1392-08-18
1755,2013-11-10,3070.0,3183.0,3053.0,3137.0,4520842966,1441175,607,3057.0,3171.0,1392-08-19
1754,2013-11-11,3210.0,3293.0,3210.0,3283.0,12568203366,3828054,1246,3137.0,3293.0,1392-08-20
1753,2013-11-12,3350.0,3360.0,3212.0,3285.0,4463369887,1358629,503,3283.0,3268.0,1392-08-21
1752,2013-11-16,3295.0,3420.0,3260.0,3326.0,6099481057,1833959,834,3285.0,3289.0,1392-08-25
1751,2013-11-17,3302.0,3420.0,3300.0,3348.0,7882911483,2354266,1033,3326.0,3334.0,1392-08-26
1750,2013-11-18,3350.0,3500.0,3299.0,3426.0,11649310128,3400702,1399,3348.0,3450.0,1392-08-27
1749,2013-11-19,3500.0,3520.0,3350.0,3437.0,6077158649,1767953,993,3426.0,3368.0,1392-08-28
1748,2013-11-20,3352.0,3450.0,3271.0,3332.0,5344677844,1604132,799,3437.0,3349.0,1392-08-29
1747,2013-11-23,3301.0,3465.0,3301.0,3381.0,9219674293,2726885,3303,3332.0,3360.0,1392-09-02
1746,2013-11-24,3450.0,3450.0,3268.0,3356.0,9967715246,2970554,1161,3381.0,3280.0,1392-09-03
1745,2013-11-25,3360.0,3384.0,3280.0,3330.0,7630117227,2291304,982,3356.0,3300.0,1392-09-04
1744,2013-11-26,3350.0,3365.0,3250.0,3299.0,4032617048,1222271,478,3330.0,3330.0,1392-09-05
1743,2013-11-27,3360.0,3450.0,3360.0,3408.0,9297279983,2728348,1046,3299.0,3393.0,1392-09-06
1742,2013-11-30,3459.0,3578.0,3400.0,3545.0,16361344978,4614950,1521,3408.0,3578.0,1392-09-09
1741,2013-12-01,3710.0,3722.0,3500.0,3678.0,14575537651,3962442,1401,3545.0,3540.0,1392-09-10
1740,2013-12-02,3570.0,3710.0,3516.0,3623.0,7314211702,2018561,884,3678.0,3650.0,1392-09-11
1739,2013-12-03,3710.0,3804.0,3660.0,3798.0,29174240807,7680610,2595,3623.0,3804.0,1392-09-12
1738,2013-12-04,3850.0,3987.0,3801.0,3919.0,17675411537,4510227,2298,3798.0,3858.0,1392-09-13
1737,2013-12-07,3860.0,3860.0,3724.0,3732.0,10495211707,2812223,1668,3919.0,3740.0,1392-09-16
1736,2013-12-08,3807.0,3918.0,3807.0,3885.0,12588032247,3239876,1553,3732.0,3820.0,1392-09-17
1735,2013-12-09,3900.0,3949.0,3750.0,3866.0,11261740525,2913239,1331,3885.0,3800.0,1392-09-18
1734,2013-12-10,3890.0,3915.0,3755.0,3840.0,8454846490,2201505,808,3866.0,3797.0,1392-09-19
1733,2013-12-11,3840.0,4032.0,3750.0,4006.0,56533273393,14112586,4140,3840.0,4032.0,1392-09-20
1732,2013-12-14,4049.0,4206.0,4000.0,4172.0,13233576705,3172221,886,4006.0,4206.0,1392-09-23
1731,2013-12-15,4380.0,4380.0,4300.0,4379.0,37559644921,8577308,3602,4172.0,4380.0,1392-09-24
1730,2013-12-16,4597.0,4597.0,4251.0,4514.0,39288368368,8703154,3222,4379.0,4340.0,1392-09-25
1729,2013-12-17,4330.0,4400.0,4289.0,4310.0,17773744798,4124024,3276,4514.0,4289.0,1392-09-26
1728,2013-12-18,4138.0,4520.0,4138.0,4397.0,20224313291,4599532,4846,4310.0,4380.0,1392-09-27
1727,2013-12-21,4450.0,4573.0,4181.0,4329.0,12820662546,2961812,1203,4397.0,4200.0,1392-09-30
1726,2013-12-22,4329.0,4329.0,4113.0,4141.0,7724887451,1865586,890,4329.0,4225.0,1392-10-01
1725,2013-12-24,4250.0,4347.0,4152.0,4270.0,6878137902,1610939,733,4141.0,4240.0,1392-10-03
1724,2013-12-25,4330.0,4370.0,4190.0,4283.0,6682775480,1560255,606,4270.0,4249.0,1392-10-04
1723,2013-12-28,4260.0,4375.0,4100.0,4265.0,8118757537,1903796,677,4283.0,4212.0,1392-10-07
1722,2013-12-29,4250.0,4469.0,4250.0,4389.0,10657288261,2428408,995,4265.0,4370.0,1392-10-08
1721,2013-12-30,4550.0,4608.0,4480.0,4589.0,31454064188,6853759,2317,4389.0,4608.0,1392-10-09
1720,2014-01-01,4770.0,4818.0,4500.0,4708.0,21175537454,4497455,2394,4589.0,4688.0,1392-10-11
1719,2014-01-04,4700.0,4844.0,4475.0,4600.0,18615565233,4047169,1780,4708.0,4480.0,1392-10-14
1718,2014-01-05,4475.0,4500.0,4370.0,4385.0,8968182188,2045357,743,4600.0,4370.0,1392-10-15
1717,2014-01-06,4330.0,4420.0,4201.0,4300.0,10187944490,2369408,948,4385.0,4300.0,1392-10-16
1716,2014-01-07,4399.0,4420.0,4220.0,4297.0,11801535492,2746628,1476,4300.0,4400.0,1392-10-17
1715,2014-01-14,3421.0,3700.0,3381.0,3511.0,5118412863,1457647,683,4297.0,3480.0,1392-10-24
1714,2014-01-15,3409.0,3420.0,3336.0,3359.0,4332919899,1289961,503,3511.0,3390.0,1392-10-25
1713,2014-01-18,3470.0,3470.0,3353.0,3418.0,2527504707,739427,324,3359.0,3440.0,1392-10-28
1712,2014-01-20,3361.0,3470.0,3248.0,3257.0,2075425431,637160,341,3418.0,3248.0,1392-10-30
1711,2014-01-21,3110.0,3400.0,3110.0,3295.0,2557919562,776249,302,3257.0,3289.0,1392-11-01
1710,2014-01-22,3181.0,3280.0,3131.0,3136.0,2621026239,835790,309,3295.0,3131.0,1392-11-02
1709,2014-01-25,3180.0,3180.0,3054.0,3098.0,515111860,166275,68,3136.0,3135.0,1392-11-05
1708,2014-01-26,3011.0,3011.0,2944.0,2952.0,2081339681,705037,242,3098.0,2944.0,1392-11-06
1707,2014-01-27,2805.0,3099.0,2805.0,2906.0,7589014682,2611887,700,2952.0,2990.0,1392-11-07
1706,2014-01-28,3051.0,3051.0,3051.0,3051.0,2397622248,785848,201,2906.0,3051.0,1392-11-08
1705,2014-01-29,3203.0,3203.0,3203.0,3203.0,313439174,97858,24,3051.0,3203.0,1392-11-09
1704,2014-02-01,3363.0,3363.0,3363.0,3363.0,58321146,17342,5,3203.0,3363.0,1392-11-12
1703,2014-02-02,3531.0,3531.0,3223.0,3446.0,16227435498,4708782,1589,3363.0,3369.0,1392-11-13
1702,2014-02-03,3350.0,3440.0,3274.0,3336.0,2888296766,865820,341,3446.0,3350.0,1392-11-14
1701,2014-02-04,3449.0,3490.0,3313.0,3395.0,3367565395,991853,419,3336.0,3364.0,1392-11-15
1700,2014-02-05,3320.0,3350.0,3226.0,3231.0,2985764903,924028,340,3395.0,3226.0,1392-11-16
1699,2014-02-08,3070.0,3138.0,3070.0,3083.0,3126175827,1014012,348,3231.0,3090.0,1392-11-19
1698,2014-02-09,3100.0,3237.0,3100.0,3222.0,5118005317,1588402,667,3083.0,3208.0,1392-11-20
1697,2014-02-10,3320.0,3320.0,3061.0,3096.0,2555455269,825398,341,3222.0,3061.0,1392-11-21
1696,2014-02-12,2950.0,2951.0,2942.0,2943.0,1775451025,603342,651,3096.0,2942.0,1392-11-23
1695,2014-02-15,3010.0,3090.0,3010.0,3085.0,3359360517,1088811,372,2943.0,3090.0,1392-11-26
1694,2014-02-16,3200.0,3239.0,3180.0,3235.0,4061241718,1255476,417,3085.0,3239.0,1392-11-27
1693,2014-02-17,3396.0,3396.0,3239.0,3373.0,9891047974,2932024,744,3235.0,3373.0,1392-11-28
1692,2014-02-18,3270.0,3500.0,3205.0,3350.0,9121996725,2723296,886,3373.0,3349.0,1392-11-29
1691,2014-02-19,3395.0,3517.0,3395.0,3510.0,8859873906,2524155,845,3350.0,3517.0,1392-11-30
1690,2014-02-22,3580.0,3685.0,3580.0,3662.0,4962435967,1355162,472,3510.0,3685.0,1392-12-03
1689,2014-02-23,3790.0,3844.0,3519.0,3729.0,20845745532,5590904,2092,3662.0,3725.0,1392-12-04
1688,2014-02-24,3600.0,3720.0,3543.0,3598.0,8526754626,2369918,835,3729.0,3598.0,1392-12-05
1687,2014-02-25,3610.0,3720.0,3419.0,3546.0,9005811680,2539853,930,3598.0,3450.0,1392-12-06
1686,2014-02-26,3400.0,3480.0,3369.0,3393.0,4161117692,1226508,546,3546.0,3394.0,1392-12-07
1685,2014-03-01,3400.0,3500.0,3301.0,3401.0,2961868953,870829,347,3393.0,3389.0,1392-12-10
1684,2014-03-02,3310.0,3310.0,3231.0,3237.0,2945264047,909880,316,3401.0,3231.0,1392-12-11
1683,2014-03-03,3139.0,3220.0,3076.0,3086.0,3422209114,1108899,464,3237.0,3076.0,1392-12-12
1682,2014-03-04,3030.0,3220.0,3023.0,3139.0,5350531661,1704715,576,3086.0,3138.0,1392-12-13
1681,2014-03-05,3160.0,3295.0,3160.0,3277.0,2024276869,617774,219,3139.0,3295.0,1392-12-14
1680,2014-03-08,3369.0,3399.0,3171.0,3293.0,3355339851,1019062,407,3277.0,3255.0,1392-12-17
1679,2014-03-09,3210.0,3210.0,3129.0,3133.0,3071793345,980381,399,3293.0,3133.0,1392-12-18
1678,2014-03-10,3121.0,3200.0,3063.0,3110.0,1917722264,616705,256,3133.0,3103.0,1392-12-19
1677,2014-03-11,3148.0,3148.0,2999.0,3046.0,1611066782,528854,265,3110.0,3046.0,1392-12-20
1676,2014-03-12,3050.0,3195.0,2998.0,3101.0,2707512444,873064,348,3046.0,3101.0,1392-12-21
1675,2014-03-15,3195.0,3256.0,3195.0,3251.0,2925701352,899960,311,3101.0,3256.0,1392-12-24
1674,2014-03-16,3357.0,3413.0,3200.0,3393.0,6058114296,1785693,618,3251.0,3413.0,1392-12-25
1673,2014-03-17,3411.0,3559.0,3340.0,3436.0,6861409149,1996718,803,3393.0,3420.0,1392-12-26
1672,2014-03-18,3400.0,3448.0,3270.0,3338.0,3138428520,940166,376,3436.0,3270.0,1392-12-27
1671,2014-03-19,3290.0,3369.0,3201.0,3270.0,2381230157,728141,368,3338.0,3235.0,1392-12-28
1670,2014-03-25,3320.0,3433.0,3283.0,3381.0,3234431648,956548,383,3270.0,3330.0,1393-01-05
1669,2014-03-26,3379.0,3379.0,3212.0,3223.0,1281888611,397793,201,3381.0,3212.0,1393-01-06
1668,2014-03-29,3212.0,3212.0,3103.0,3140.0,984141080,313403,140,3223.0,3180.0,1393-01-09
1667,2014-03-30,3152.0,3297.0,3151.0,3287.0,1832292228,557381,267,3140.0,3297.0,1393-01-10
1666,2014-03-31,3350.0,3400.0,3250.0,3313.0,1999353144,603568,241,3287.0,3251.0,1393-01-11
1665,2014-04-05,3230.0,3258.0,3180.0,3208.0,2235600001,696811,325,3313.0,3182.0,1393-01-16
1664,2014-04-06,3131.0,3159.0,3081.0,3113.0,2499925956,803143,371,3208.0,3090.0,1393-01-17
1663,2014-04-07,3111.0,3210.0,3052.0,3132.0,3845196847,1227754,516,3113.0,3210.0,1393-01-18
1662,2014-04-08,3230.0,3288.0,3150.0,3247.0,2551086731,785649,342,3132.0,3175.0,1393-01-19
1661,2014-04-09,3150.0,3191.0,3100.0,3146.0,1297928080,412580,209,3247.0,3171.0,1393-01-20
1660,2014-04-12,3140.0,3210.0,3000.0,3042.0,3361188087,1104938,491,3146.0,3000.0,1393-01-23
1659,2014-04-13,3003.0,3050.0,2890.0,2902.0,5504673652,1897061,903,3042.0,2930.0,1393-01-24
1658,2014-04-14,2900.0,2930.0,2770.0,2818.0,3386879688,1201674,558,2902.0,2840.0,1393-01-25
1657,2014-04-15,2860.0,2958.0,2860.0,2945.0,3904180859,1325813,431,2818.0,2958.0,1393-01-26
1656,2014-04-16,3044.0,3092.0,2946.0,3023.0,4214908905,1394417,500,2945.0,2953.0,1393-01-27
1655,2014-04-19,2922.0,2990.0,2872.0,2878.0,2514503441,873723,345,3023.0,2872.0,1393-01-30
1654,2014-04-20,2912.0,3021.0,2912.0,2999.0,3180117454,1060351,498,2878.0,3000.0,1393-01-31
1653,2014-04-21,3049.0,3090.0,2951.0,2995.0,3892191555,1299674,521,2999.0,2990.0,1393-02-01
1652,2014-04-22,3001.0,3001.0,2870.0,2906.0,4868055108,1675129,573,2995.0,2887.0,1393-02-02
1651,2014-04-23,2853.0,2990.0,2850.0,2913.0,2500798612,858505,311,2906.0,2910.0,1393-02-03
1650,2014-04-26,2965.0,3058.0,2964.0,3047.0,3958298598,1299052,428,2913.0,3058.0,1393-02-06
1649,2014-04-27,3189.0,3189.0,2940.0,3052.0,6317557450,2069817,720,3047.0,3000.0,1393-02-07
1648,2014-04-28,3000.0,3121.0,2960.0,3055.0,4677063547,1530978,528,3052.0,3000.0,1393-02-08
1647,2014-04-29,3072.0,3180.0,2950.0,3063.0,5811760409,1897617,769,3055.0,2952.0,1393-02-09
1646,2014-04-30,3000.0,3088.0,2940.0,3014.0,2261033456,750058,354,3063.0,3022.0,1393-02-10
1645,2014-05-03,3083.0,3083.0,2910.0,2964.0,1724872662,581957,256,3014.0,2934.0,1393-02-13
1644,2014-05-04,2909.0,2928.0,2870.0,2893.0,1242946918,429592,205,2964.0,2900.0,1393-02-14
1643,2014-05-05,2950.0,2970.0,2880.0,2907.0,1857835335,639004,230,2893.0,2902.0,1393-02-15
1642,2014-05-06,2900.0,2999.0,2860.0,2893.0,1597723621,552207,274,2907.0,2870.0,1393-02-16
1641,2014-05-07,2860.0,2940.0,2833.0,2893.0,1138080139,393364,170,2893.0,2890.0,1393-02-17
1640,2014-05-10,2855.0,2935.0,2851.0,2889.0,1893883640,655652,259,2893.0,2899.0,1393-02-20
1639,2014-05-11,2960.0,2960.0,2865.0,2884.0,970082180,336419,128,2889.0,2869.0,1393-02-21
1638,2014-05-12,2890.0,2890.0,2835.0,2847.0,936284433,328827,135,2884.0,2842.0,1393-02-22
1637,2014-05-14,2900.0,2900.0,2831.0,2850.0,932223119,327117,126,2847.0,2865.0,1393-02-24
1636,2014-05-17,2840.0,2841.0,2749.0,2771.0,2032294570,733414,253,2850.0,2757.0,1393-02-27
1635,2014-05-18,2801.0,2909.0,2751.0,2874.0,3233419988,1125181,378,2771.0,2909.0,1393-02-28
1634,2014-05-19,2868.0,2948.0,2756.0,2822.0,3143190068,1113816,457,2874.0,2774.0,1393-02-29
1633,2014-05-20,2815.0,2823.0,2760.0,2792.0,1283118871,459567,208,2822.0,2800.0,1393-02-30
1632,2014-05-21,2771.0,2850.0,2771.0,2817.0,1774311628,629949,247,2792.0,2843.0,1393-02-31
1631,2014-05-24,2858.0,2882.0,2778.0,2810.0,2316506451,824356,507,2817.0,2814.0,1393-03-03
1630,2014-05-25,2765.0,2770.0,2711.0,2737.0,1121085310,409659,180,2810.0,2722.0,1393-03-04
1629,2014-05-26,2711.0,2741.0,2660.0,2691.0,2364011462,878624,422,2737.0,2670.0,1393-03-05
1628,2014-05-28,2650.0,2711.0,2626.0,2664.0,1665015993,624943,290,2691.0,2660.0,1393-03-07
1627,2014-05-31,2650.0,2700.0,2599.0,2632.0,1558630805,592225,284,2664.0,2600.0,1393-03-10
1626,2014-06-01,2622.0,2622.0,2501.0,2512.0,2973392098,1183789,476,2632.0,2522.0,1393-03-11
1625,2014-06-02,2550.0,2600.0,2470.0,2519.0,2119695573,841496,513,2512.0,2550.0,1393-03-12
1624,2014-06-03,2541.0,2644.0,2541.0,2630.0,2067247091,786125,418,2519.0,2644.0,1393-03-13
1623,2014-06-07,2720.0,2720.0,2611.0,2658.0,1730802062,651200,321,2630.0,2670.0,1393-03-17
1622,2014-06-08,2670.0,2670.0,2581.0,2614.0,1210977759,463267,174,2658.0,2611.0,1393-03-18
1621,2014-06-09,2625.0,2670.0,2521.0,2566.0,1203553894,468971,246,2614.0,2536.0,1393-03-19
1620,2014-06-10,2512.0,2566.0,2505.0,2530.0,297593100,117611,85,2566.0,2550.0,1393-03-20
1619,2014-06-11,2550.0,2625.0,2502.0,2536.0,615464057,242737,112,2530.0,2510.0,1393-03-21
1618,2014-06-14,2576.0,2576.0,2410.0,2412.0,3042208888,1261290,530,2536.0,2410.0,1393-03-24
1617,2014-06-15,2350.0,2446.0,2301.0,2358.0,3219007460,1365211,469,2412.0,2400.0,1393-03-25
1616,2014-06-16,2410.0,2475.0,2410.0,2468.0,2461751378,997375,187,2358.0,2475.0,1393-03-26
1615,2014-06-17,2491.0,2491.0,2360.0,2430.0,609214470,250726,80,2468.0,2457.0,1393-03-27
1614,2014-06-18,2455.0,2545.0,2400.0,2485.0,1098396248,441959,153,2430.0,2528.0,1393-03-28
1613,2014-06-21,2509.0,2511.0,2361.0,2413.0,1444869671,598737,211,2485.0,2390.0,1393-03-31
1612,2014-06-22,2380.0,2385.0,2320.0,2348.0,992624666,422703,121,2413.0,2355.0,1393-04-01
1611,2014-06-23,2325.0,2380.0,2320.0,2344.0,698248015,297912,79,2348.0,2322.0,1393-04-02
1610,2014-06-24,2310.0,2343.0,2281.0,2316.0,700806464,302629,92,2344.0,2335.0,1393-04-03
1609,2014-06-25,2300.0,2369.0,2266.0,2290.0,1710414286,746779,187,2316.0,2297.0,1393-04-04
1608,2014-06-28,2275.0,2275.0,2176.0,2191.0,1817966962,829596,176,2290.0,2176.0,1393-04-07
1607,2014-06-29,2128.0,2141.0,2082.0,2091.0,3005932774,1437308,241,2191.0,2119.0,1393-04-08
1606,2014-06-30,2107.0,2163.0,2071.0,2123.0,653707717,307962,167,2091.0,2141.0,1393-04-09
1605,2014-07-01,2180.0,2229.0,2180.0,2223.0,331793157,149247,43,2123.0,2229.0,1393-04-10
1604,2014-07-02,2334.0,2334.0,2320.0,2333.0,1676976194,718928,79,2223.0,2334.0,1393-04-11
1603,2014-07-05,2449.0,2449.0,2390.0,2449.0,4753244104,1941096,181,2333.0,2449.0,1393-04-14
1602,2014-07-06,2480.0,2480.0,2327.0,2379.0,2949828101,1240047,231,2449.0,2327.0,1393-04-15
1601,2014-07-07,2280.0,2407.0,2271.0,2347.0,1297617970,552771,134,2379.0,2348.0,1393-04-16
1600,2014-07-08,2322.0,2464.0,2322.0,2443.0,2978773026,1219094,221,2347.0,2464.0,1393-04-17
1599,2014-07-09,2466.0,2490.0,2371.0,2434.0,2157514421,886546,181,2443.0,2395.0,1393-04-18
1598,2014-07-12,2350.0,2450.0,2313.0,2369.0,836502792,353055,103,2434.0,2357.0,1393-04-21
1597,2014-07-13,2370.0,2370.0,2280.0,2314.0,550048213,237725,66,2369.0,2303.0,1393-04-22
1596,2014-07-14,2340.0,2429.0,2300.0,2410.0,1810247070,751146,174,2314.0,2419.0,1393-04-23
1595,2014-07-15,2402.0,2460.0,2354.0,2413.0,1511389243,626290,151,2410.0,2387.0,1393-04-24
1594,2014-07-16,2414.0,2488.0,2409.0,2449.0,2106419207,860246,156,2413.0,2411.0,1393-04-25
1593,2014-07-20,2346.0,2500.0,2346.0,2443.0,2650147996,1084895,223,2449.0,2430.0,1393-04-29
1592,2014-07-21,2401.0,2565.0,2400.0,2494.0,3330915501,1335722,190,2443.0,2565.0,1393-04-30
1591,2014-07-22,2618.0,2618.0,2618.0,2618.0,297734668,113726,22,2494.0,2618.0,1393-04-31
1590,2014-07-23,2650.0,2679.0,2501.0,2598.0,6395627220,2462079,436,2618.0,2510.0,1393-05-01
1589,2014-07-26,2501.0,2529.0,2471.0,2492.0,1386108738,556162,150,2598.0,2483.0,1393-05-04
1588,2014-07-27,2430.0,2590.0,2430.0,2523.0,1615139600,640259,182,2492.0,2562.0,1393-05-05
1587,2014-07-28,2555.0,2630.0,2541.0,2589.0,1204020010,465139,112,2523.0,2579.0,1393-05-06
1586,2014-08-02,2550.0,2600.0,2471.0,2495.0,569774734,228334,72,2589.0,2478.0,1393-05-11
1585,2014-08-03,2412.0,2550.0,2412.0,2470.0,648184126,262429,76,2495.0,2525.0,1393-05-12
1584,2014-08-04,2470.0,2540.0,2421.0,2483.0,874414251,352109,73,2470.0,2480.0,1393-05-13
1583,2014-08-05,2440.0,2520.0,2426.0,2459.0,1180022104,479903,116,2483.0,2434.0,1393-05-14
1582,2014-08-06,2410.0,2485.0,2402.0,2414.0,234599019,97171,45,2459.0,2417.0,1393-05-15
1581,2014-08-09,2525.0,2525.0,2418.0,2474.0,997508916,403156,116,2414.0,2427.0,1393-05-18
1580,2014-08-10,2408.0,2489.0,2408.0,2462.0,602485725,244665,94,2474.0,2441.0,1393-05-19
1579,2014-08-11,2497.0,2584.0,2497.0,2556.0,2929905118,1146247,252,2462.0,2580.0,1393-05-20
1578,2014-08-12,2596.0,2683.0,2556.0,2669.0,4976190680,1864570,308,2556.0,2683.0,1393-05-21
1577,2014-08-13,2630.0,2799.0,2630.0,2740.0,7107731051,2593779,533,2669.0,2754.0,1393-05-22
1576,2014-08-16,2711.0,2877.0,2611.0,2828.0,9864364643,3487700,587,2740.0,2805.0,1393-05-25
1575,2014-08-17,2799.0,2907.0,2799.0,2877.0,7123029078,2475727,355,2828.0,2851.0,1393-05-26
1574,2014-08-18,2870.0,2948.0,2870.0,2911.0,4425481202,1520166,271,2877.0,2886.0,1393-05-27
1573,2014-08-19,2930.0,3050.0,2918.0,2962.0,3581188328,1208841,255,2911.0,2962.0,1393-05-28
1572,2014-08-20,2880.0,2978.0,2818.0,2850.0,2265785232,795004,177,2962.0,2825.0,1393-05-29
1571,2014-08-23,2888.0,2985.0,2780.0,2923.0,6432293073,2200489,356,2850.0,2962.0,1393-06-01
1570,2014-08-24,2906.0,2999.0,2900.0,2928.0,2923171816,998491,227,2923.0,2901.0,1393-06-02
1569,2014-08-25,2947.0,2989.0,2892.0,2921.0,1525048239,522102,127,2928.0,2920.0,1393-06-03
1568,2014-08-26,2950.0,2974.0,2899.0,2924.0,3540882736,1210810,266,2921.0,2899.0,1393-06-04
1567,2014-08-27,2922.0,2970.0,2830.0,2865.0,3621091131,1263821,168,2924.0,2840.0,1393-06-05
1566,2014-08-30,2900.0,2900.0,2730.0,2770.0,2275240654,821255,146,2865.0,2749.0,1393-06-08
1565,2014-08-31,2730.0,2845.0,2702.0,2767.0,1958971641,708095,114,2770.0,2780.0,1393-06-09
1564,2014-09-01,2849.0,2879.0,2764.0,2841.0,2328342677,819658,168,2767.0,2835.0,1393-06-10
1563,2014-09-02,2890.0,2890.0,2721.0,2783.0,873321876,313757,87,2841.0,2760.0,1393-06-11
1562,2014-09-03,2830.0,2830.0,2693.0,2763.0,1791885290,648534,136,2783.0,2766.0,1393-06-12
1561,2014-09-06,2763.0,2777.0,2625.0,2654.0,1510025891,568987,95,2763.0,2630.0,1393-06-15
1560,2014-09-07,2650.0,2710.0,2650.0,2690.0,1091913150,405862,94,2654.0,2668.0,1393-06-16
1559,2014-09-08,2748.0,2759.0,2701.0,2723.0,385465704,141546,40,2690.0,2701.0,1393-06-17
1558,2014-09-09,2710.0,2799.0,2710.0,2770.0,1226402304,442699,94,2723.0,2740.0,1393-06-18
1557,2014-09-10,2778.0,2778.0,2667.0,2704.0,1694090746,626472,86,2770.0,2747.0,1393-06-19
1556,2014-09-13,2729.0,2729.0,2601.0,2658.0,579532948,218001,54,2704.0,2675.0,1393-06-22
1555,2014-09-14,2640.0,2740.0,2640.0,2686.0,370492207,137924,33,2658.0,2700.0,1393-06-23
1554,2014-09-15,2730.0,2786.0,2706.0,2731.0,662544456,242580,78,2686.0,2720.0,1393-06-24
1553,2014-09-16,2705.0,2799.0,2692.0,2725.0,818171587,300216,76,2731.0,2700.0,1393-06-25
1552,2014-09-17,2700.0,2795.0,2700.0,2721.0,609699981,224087,96,2725.0,2718.0,1393-06-26
1551,2014-09-20,2797.0,2848.0,2690.0,2801.0,1454268609,519263,132,2721.0,2809.0,1393-06-29
1550,2014-09-21,2818.0,2899.0,2801.0,2850.0,1872069564,656871,132,2801.0,2850.0,1393-06-30
1549,2014-09-22,2801.0,2856.0,2750.0,2794.0,1015954489,363580,92,2850.0,2821.0,1393-06-31
1548,2014-09-23,2840.0,2933.0,2840.0,2894.0,2352876105,812955,161,2794.0,2933.0,1393-07-01
1547,2014-09-24,2989.0,3038.0,2972.0,3022.0,3890641521,1287648,236,2894.0,3038.0,1393-07-02
1546,2014-09-27,3070.0,3159.0,2953.0,3063.0,6120471450,1998212,443,3022.0,3130.0,1393-07-05
1545,2014-09-28,3140.0,3216.0,3139.0,3206.0,8709379334,2716507,405,3063.0,3204.0,1393-07-06
1544,2014-09-29,3160.0,3248.0,3101.0,3174.0,3147923597,991702,231,3206.0,3110.0,1393-07-07
1543,2014-09-30,3150.0,3150.0,3071.0,3101.0,1957693866,631401,156,3174.0,3094.0,1393-07-08
1542,2014-10-01,3101.0,3180.0,3091.0,3110.0,1083948549,348526,154,3101.0,3100.0,1393-07-09
1541,2014-10-04,3179.0,3179.0,3033.0,3125.0,948773960,303561,83,3110.0,3125.0,1393-07-12
1540,2014-10-06,3160.0,3160.0,3080.0,3094.0,1441072149,465739,95,3125.0,3100.0,1393-07-14
1539,2014-10-07,3090.0,3130.0,3052.0,3075.0,947420948,308149,72,3094.0,3130.0,1393-07-15
1538,2014-10-08,3080.0,3150.0,3080.0,3129.0,1047538532,334805,70,3075.0,3130.0,1393-07-16
1537,2014-10-11,3133.0,3285.0,3132.0,3233.0,3622732911,1120591,223,3129.0,3245.0,1393-07-19
1536,2014-10-12,3245.0,3392.0,3245.0,3346.0,3325516045,993748,232,3233.0,3298.0,1393-07-20
1535,2014-10-14,3300.0,3350.0,3211.0,3266.0,2414279336,739317,170,3346.0,3240.0,1393-07-22
1534,2014-10-15,3150.0,3259.0,3114.0,3151.0,5743421600,1822958,209,3266.0,3140.0,1393-07-23
1533,2014-10-18,3185.0,3308.0,3141.0,3258.0,5736660721,1760919,233,3151.0,3308.0,1393-07-26
1532,2014-10-19,3350.0,3420.0,3340.0,3411.0,4223265938,1238096,206,3258.0,3420.0,1393-07-27
1531,2014-10-20,3537.0,3581.0,3370.0,3569.0,20979360206,5878023,532,3411.0,3501.0,1393-07-28
1530,2014-10-21,3500.0,3620.0,3391.0,3421.0,11464664626,3350989,522,3569.0,3391.0,1393-07-29
1529,2014-10-22,3380.0,3585.0,3380.0,3472.0,5692641070,1639373,401,3421.0,3444.0,1393-07-30
1528,2014-10-25,3325.0,3584.0,3325.0,3521.0,4249136301,1206721,261,3472.0,3521.0,1393-08-03
1527,2014-10-26,3570.0,3570.0,3345.0,3386.0,2868540104,847250,184,3521.0,3400.0,1393-08-04
1526,2014-10-27,3400.0,3480.0,3350.0,3384.0,2141051841,632751,126,3386.0,3370.0,1393-08-05
1525,2014-10-28,3350.0,3439.0,3350.0,3384.0,1067329010,315410,83,3384.0,3360.0,1393-08-06
1524,2014-10-29,3351.0,3444.0,3321.0,3386.0,1141645218,337140,102,3384.0,3360.0,1393-08-07
1523,2014-11-01,3425.0,3480.0,3378.0,3423.0,2483056036,725351,217,3386.0,3378.0,1393-08-10
1522,2014-11-02,3356.0,3594.0,3350.0,3566.0,18480961512,5181864,533,3423.0,3594.0,1393-08-11
1521,2014-11-05,3680.0,3744.0,3601.0,3740.0,12600640075,3369140,478,3566.0,3744.0,1393-08-14
1520,2014-11-08,3750.0,3926.0,3650.0,3864.0,11758738696,3043028,446,3740.0,3650.0,1393-08-17
1519,2014-11-09,3739.0,3790.0,3671.0,3703.0,2941457403,794400,191,3864.0,3671.0,1393-08-18
1518,2014-11-10,3710.0,3710.0,3556.0,3622.0,3183790774,878972,177,3703.0,3605.0,1393-08-19
1517,2014-11-11,3606.0,3800.0,3560.0,3733.0,3368031686,902127,309,3622.0,3700.0,1393-08-20
1516,2014-11-12,3717.0,3880.0,3650.0,3780.0,5500160444,1455191,335,3733.0,3733.0,1393-08-21
1515,2014-11-15,3651.0,3800.0,3591.0,3652.0,2229126781,610356,217,3780.0,3650.0,1393-08-24
1514,2014-11-16,3739.0,3800.0,3620.0,3710.0,2639729585,711557,252,3652.0,3698.0,1393-08-25
1513,2014-11-17,3610.0,3799.0,3610.0,3669.0,2960775390,806961,181,3710.0,3628.0,1393-08-26
1512,2014-11-18,3742.0,3747.0,3486.0,3520.0,3693658931,1049381,218,3669.0,3486.0,1393-08-27
1511,2014-11-19,3579.0,3600.0,3490.0,3584.0,2598990832,725146,165,3520.0,3550.0,1393-08-28
1510,2014-11-22,3688.0,3760.0,3520.0,3694.0,2797888947,757444,185,3584.0,3693.0,1393-09-01
1509,2014-11-23,3700.0,3763.0,3590.0,3671.0,1957928438,533295,130,3694.0,3590.0,1393-09-02
1508,2014-11-24,3750.0,3798.0,3600.0,3692.0,1612606811,436833,170,3671.0,3660.0,1393-09-03
1507,2014-11-25,3520.0,3520.0,3508.0,3509.0,957303628,272802,61,3692.0,3508.0,1393-09-04
1506,2014-11-26,3353.0,3500.0,3353.0,3388.0,2374560769,700977,90,3509.0,3474.0,1393-09-05
1505,2014-11-29,3509.0,3557.0,3400.0,3505.0,2613454857,745599,136,3388.0,3460.0,1393-09-08
1504,2014-11-30,3402.0,3402.0,3330.0,3338.0,1826089219,547045,131,3505.0,3330.0,1393-09-09
1503,2014-12-01,3202.0,3370.0,3200.0,3260.0,3266448986,1001884,165,3338.0,3300.0,1393-09-10
1502,2014-12-02,3271.0,3349.0,3190.0,3246.0,2639361453,812991,161,3260.0,3200.0,1393-09-11
1501,2014-12-03,3250.0,3318.0,3084.0,3201.0,4968370950,1552242,249,3246.0,3208.0,1393-09-12
1500,2014-12-06,3105.0,3285.0,3102.0,3246.0,2655196089,818032,175,3201.0,3195.0,1393-09-15
1499,2014-12-07,3260.0,3310.0,3170.0,3215.0,1932634391,601067,181,3246.0,3249.0,1393-09-16
1498,2014-12-14,2410.0,2583.0,2410.0,2484.0,317988752,128000,24,3215.0,2480.0,1393-09-23
1497,2014-12-15,2416.0,2540.0,2360.0,2425.0,4378730390,1805470,214,2484.0,2427.0,1393-09-24
1496,2014-12-16,2466.0,2546.0,2466.0,2544.0,3246224349,1276114,172,2425.0,2546.0,1393-09-25
1495,2014-12-17,2660.0,2671.0,2555.0,2649.0,3914327042,1477718,306,2544.0,2671.0,1393-09-26
1494,2014-12-20,2750.0,2781.0,2700.0,2758.0,506351370,183599,76,2649.0,2781.0,1393-09-29
1493,2014-12-22,2895.0,2895.0,2895.0,2895.0,411842700,142260,24,2758.0,2895.0,1393-10-01
1492,2014-12-24,2940.0,2940.0,2751.0,2793.0,2955293492,1058148,221,2895.0,2807.0,1393-10-03
1491,2014-12-27,2849.0,2932.0,2665.0,2910.0,3694654517,1269853,233,2793.0,2932.0,1393-10-06
1490,2014-12-28,3000.0,3055.0,2960.0,3023.0,2981082368,986210,275,2910.0,3029.0,1393-10-07
1489,2014-12-29,3040.0,3073.0,2901.0,3001.0,4226250739,1408352,253,3023.0,2997.0,1393-10-08
1488,2014-12-30,3010.0,3069.0,2932.0,3011.0,1593397238,529148,122,3001.0,3000.0,1393-10-09
1487,2014-12-31,2951.0,2970.0,2861.0,2895.0,2266595796,782874,138,3011.0,2919.0,1393-10-10
1486,2015-01-03,2950.0,2969.0,2860.0,2896.0,597889865,206461,56,2895.0,2899.0,1393-10-13
1485,2015-01-04,2910.0,2949.0,2897.0,2913.0,1434693059,492483,137,2896.0,2920.0,1393-10-14
1484,2015-01-05,2850.0,2900.0,2830.0,2861.0,1037674678,362667,44,2913.0,2884.0,1393-10-15
1483,2015-01-06,2821.0,2900.0,2775.0,2832.0,1219486054,430583,76,2861.0,2860.0,1393-10-16
1482,2015-01-07,2890.0,2892.0,2761.0,2832.0,571348005,201759,58,2832.0,2870.0,1393-10-17
1481,2015-01-10,2850.0,2969.0,2691.0,2700.0,3991350358,1478070,189,2832.0,2691.0,1393-10-20
1480,2015-01-11,2770.0,2834.0,2572.0,2712.0,4737849744,1747014,280,2700.0,2834.0,1393-10-21
1479,2015-01-12,2830.0,2847.0,2830.0,2846.0,2960318304,1040030,136,2712.0,2847.0,1393-10-22
1478,2015-01-13,2900.0,2915.0,2704.0,2834.0,1735145319,612210,139,2846.0,2800.0,1393-10-23
1477,2015-01-14,2797.0,2910.0,2741.0,2817.0,1230902777,437002,85,2834.0,2771.0,1393-10-24
1476,2015-01-17,2887.0,2900.0,2780.0,2841.0,1120522041,394439,87,2817.0,2793.0,1393-10-27
1475,2015-01-18,2752.0,2814.0,2703.0,2747.0,1733226272,630961,88,2841.0,2780.0,1393-10-28
1474,2015-01-19,2840.0,2840.0,2712.0,2750.0,1208146676,439311,149,2747.0,2779.0,1393-10-29
1473,2015-01-20,2810.0,2880.0,2760.0,2850.0,2479399736,870095,198,2750.0,2800.0,1393-10-30
1472,2015-01-21,2860.0,2860.0,2716.0,2725.0,1036922197,380456,72,2850.0,2723.0,1393-11-01
1471,2015-01-24,2770.0,2770.0,2640.0,2678.0,2630486791,982255,184,2725.0,2750.0,1393-11-04
1470,2015-01-25,2750.0,2774.0,2670.0,2728.0,1654176146,606442,93,2678.0,2671.0,1393-11-05
1469,2015-01-26,2670.0,2760.0,2630.0,2726.0,1477484513,541954,87,2728.0,2745.0,1393-11-06
1468,2015-01-27,2770.0,2837.0,2748.0,2812.0,1344432592,478128,74,2726.0,2820.0,1393-11-07
1467,2015-01-28,2850.0,2952.0,2850.0,2922.0,2555207552,874569,130,2812.0,2952.0,1393-11-08
1466,2015-01-31,3068.0,3068.0,3067.0,3068.0,6156842585,2006813,139,2922.0,3068.0,1393-11-11
1465,2015-02-01,3180.0,3221.0,3089.0,3196.0,23091098621,7225973,741,3068.0,3221.0,1393-11-12
1464,2015-02-02,3310.0,3355.0,3262.0,3327.0,4001458020,1202697,185,3196.0,3355.0,1393-11-13
1463,2015-02-03,3493.0,3493.0,3493.0,3493.0,379972033,108781,23,3327.0,3493.0,1393-11-14
1462,2015-02-04,3667.0,3667.0,3390.0,3650.0,41583491951,11391178,1181,3493.0,3667.0,1393-11-15
1461,2015-02-07,3658.0,3800.0,3510.0,3664.0,17200751385,4694345,759,3650.0,3570.0,1393-11-18
1460,2015-02-08,3639.0,3830.0,3635.0,3726.0,31907322399,8562904,1221,3664.0,3757.0,1393-11-19
1459,2015-02-09,3700.0,3844.0,3540.0,3591.0,13139917076,3659253,484,3726.0,3540.0,1393-11-20
1458,2015-02-10,3559.0,3759.0,3430.0,3640.0,12823521083,3522959,639,3591.0,3600.0,1393-11-21
1457,2015-02-14,3700.0,3789.0,3580.0,3671.0,5648067315,1538751,358,3640.0,3610.0,1393-11-25
1456,2015-02-15,3600.0,3649.0,3501.0,3579.0,5827159086,1628211,376,3671.0,3570.0,1393-11-26
1455,2015-02-16,3651.0,3720.0,3550.0,3602.0,5084842915,1411489,220,3579.0,3550.0,1393-11-27
1454,2015-02-17,3640.0,3640.0,3422.0,3475.0,4273321918,1229908,201,3602.0,3422.0,1393-11-28
1453,2015-02-18,3442.0,3584.0,3375.0,3485.0,3627150012,1040709,172,3475.0,3391.0,1393-11-29
1452,2015-02-21,3500.0,3530.0,3370.0,3421.0,989392621,289190,110,3485.0,3478.0,1393-12-02
1451,2015-02-22,3475.0,3525.0,3361.0,3440.0,3491055153,1014729,187,3421.0,3448.0,1393-12-03
1450,2015-02-23,3440.0,3490.0,3311.0,3376.0,910809880,269811,98,3440.0,3340.0,1393-12-04
1449,2015-02-24,3408.0,3467.0,3208.0,3264.0,3779127831,1157876,287,3376.0,3221.0,1393-12-05
1448,2015-02-25,3210.0,3300.0,3200.0,3238.0,2514167988,776343,104,3264.0,3296.0,1393-12-06
1447,2015-02-28,3397.0,3399.0,3262.0,3373.0,4321824912,1281458,228,3238.0,3390.0,1393-12-09
1446,2015-03-01,3429.0,3440.0,3307.0,3377.0,3617318295,1071129,196,3373.0,3320.0,1393-12-10
1445,2015-03-02,3300.0,3415.0,3300.0,3356.0,1198901699,357202,100,3377.0,3300.0,1393-12-11
1444,2015-03-03,3408.0,3440.0,3261.0,3367.0,1169874525,347429,93,3356.0,3300.0,1393-12-12
1443,2015-03-04,3322.0,3400.0,3322.0,3377.0,1097551236,325022,72,3367.0,3376.0,1393-12-13
1442,2015-03-07,3400.0,3450.0,3387.0,3411.0,2866235831,840374,170,3377.0,3420.0,1393-12-16
1441,2015-03-08,3475.0,3476.0,3337.0,3405.0,1707377333,501414,149,3411.0,3340.0,1393-12-17
1440,2015-03-09,3449.0,3449.0,3336.0,3368.0,626805721,186081,33,3405.0,3399.0,1393-12-18
1439,2015-03-10,3330.0,3369.0,3200.0,3265.0,1522804129,466415,86,3368.0,3241.0,1393-12-19
1438,2015-03-11,3359.0,3377.0,3211.0,3297.0,1943458876,589532,134,3265.0,3377.0,1393-12-20
1437,2015-03-14,3369.0,3440.0,3286.0,3394.0,572256631,168612,60,3297.0,3365.0,1393-12-23
1436,2015-03-15,3449.0,3450.0,3322.0,3386.0,5211801178,1538994,235,3394.0,3400.0,1393-12-24
1435,2015-03-16,3357.0,3357.0,3240.0,3302.0,1864048118,564453,109,3386.0,3295.0,1393-12-25
1434,2015-03-17,3349.0,3349.0,3202.0,3242.0,378926361,116870,48,3302.0,3279.0,1393-12-26
1433,2015-03-18,3206.0,3394.0,3206.0,3307.0,1155119012,349267,116,3242.0,3367.0,1393-12-27
1432,2015-03-25,3370.0,3370.0,3270.0,3295.0,476142950,144491,66,3307.0,3296.0,1394-01-05
1431,2015-03-28,3370.0,3444.0,3310.0,3396.0,2502204928,736778,105,3295.0,3372.0,1394-01-08
1430,2015-03-29,3400.0,3500.0,3323.0,3455.0,3211112219,929422,174,3396.0,3365.0,1394-01-09
1429,2015-03-30,3400.0,3400.0,3290.0,3356.0,1204524617,358924,93,3455.0,3299.0,1394-01-10
1428,2015-03-31,3300.0,3450.0,3254.0,3347.0,1008039149,301198,95,3356.0,3300.0,1394-01-11
1427,2015-04-04,3514.0,3514.0,3514.0,3514.0,19966548,5682,7,3347.0,3514.0,1394-01-15
1426,2015-04-05,3689.0,3689.0,3600.0,3672.0,14572602590,3968133,521,3514.0,3612.0,1394-01-16
1425,2015-04-06,3521.0,3650.0,3489.0,3524.0,11730272071,3328775,361,3672.0,3490.0,1394-01-17
1424,2015-04-07,3501.0,3700.0,3501.0,3657.0,10821135436,2958968,401,3524.0,3612.0,1394-01-18
1423,2015-04-08,3680.0,3799.0,3615.0,3677.0,4698132170,1277880,185,3657.0,3615.0,1394-01-19
1422,2015-04-11,3716.0,3800.0,3570.0,3688.0,4268424892,1157477,163,3677.0,3570.0,1394-01-22
1421,2015-04-12,3550.0,3600.0,3510.0,3527.0,1792965845,508344,72,3688.0,3561.0,1394-01-23
1420,2015-04-13,3689.0,3689.0,3441.0,3535.0,634595213,179519,67,3527.0,3568.0,1394-01-24
1419,2015-04-14,3609.0,3698.0,3600.0,3654.0,3051240426,835095,142,3535.0,3687.0,1394-01-25
1418,2015-04-15,3689.0,3836.0,3689.0,3806.0,11696675408,3073616,406,3654.0,3751.0,1394-01-26
1417,2015-04-18,3796.0,3796.0,3618.0,3669.0,758563765,206733,64,3806.0,3621.0,1394-01-29
1416,2015-04-19,3720.0,3742.0,3551.0,3625.0,849495014,234367,85,3669.0,3580.0,1394-01-30
1415,2015-04-20,3555.0,3658.0,3502.0,3537.0,1096500608,309972,81,3625.0,3598.0,1394-01-31
1414,2015-04-21,3535.0,3550.0,3417.0,3490.0,1509875558,432652,66,3537.0,3549.0,1394-02-01
1413,2015-04-22,3599.0,3600.0,3500.0,3562.0,978143326,274608,65,3490.0,3565.0,1394-02-02
1412,2015-04-25,3604.0,3664.0,3590.0,3607.0,2805627524,777811,107,3562.0,3638.0,1394-02-05
1411,2015-04-26,3612.0,3748.0,3600.0,3712.0,1794322552,483390,110,3607.0,3689.0,1394-02-06
1410,2015-04-27,3573.0,3700.0,3527.0,3577.0,814268069,227647,57,3712.0,3610.0,1394-02-07
1409,2015-04-28,3501.0,3675.0,3501.0,3546.0,1227679525,346236,78,3577.0,3510.0,1394-02-08
1408,2015-04-29,3500.0,3600.0,3500.0,3530.0,254978552,72222,37,3546.0,3520.0,1394-02-09
1407,2015-05-03,3501.0,3560.0,3401.0,3447.0,648484604,188137,58,3530.0,3528.0,1394-02-13
1406,2015-05-04,3555.0,3555.0,3332.0,3438.0,234658128,68253,32,3447.0,3460.0,1394-02-14
1405,2015-05-05,3547.0,3547.0,3416.0,3454.0,158204615,45805,30,3438.0,3450.0,1394-02-15
1404,2015-05-06,3499.0,3499.0,3382.0,3420.0,1366886370,399663,94,3454.0,3382.0,1394-02-16
1403,2015-05-09,3400.0,3494.0,3249.0,3331.0,817182336,245322,77,3420.0,3278.0,1394-02-19
1402,2015-05-10,3439.0,3439.0,3290.0,3344.0,459291988,137356,42,3331.0,3380.0,1394-02-20
1401,2015-05-11,3447.0,3447.0,3310.0,3360.0,632412647,188215,57,3344.0,3362.0,1394-02-21
1400,2015-05-12,3429.0,3500.0,3350.0,3408.0,780695913,229088,62,3360.0,3350.0,1394-02-22
1399,2015-05-13,3438.0,3438.0,3330.0,3371.0,155362397,46091,29,3408.0,3340.0,1394-02-23
1398,2015-05-17,3430.0,3430.0,3250.0,3314.0,875405086,264154,77,3371.0,3399.0,1394-02-27
1397,2015-05-18,3429.0,3479.0,3370.0,3453.0,1210146271,350479,100,3314.0,3470.0,1394-02-28
1396,2015-05-19,3442.0,3511.0,3388.0,3486.0,143315827,41106,38,3453.0,3500.0,1394-02-29
1395,2015-05-20,3545.0,3602.0,3486.0,3557.0,595967250,167567,55,3486.0,3519.0,1394-02-30
1394,2015-05-23,3417.0,3417.0,3380.0,3380.0,1751148660,518046,62,3557.0,3380.0,1394-03-02
1393,2015-05-24,3460.0,3460.0,3301.0,3392.0,680315345,200548,36,3380.0,3392.0,1394-03-03
1392,2015-05-25,3401.0,3477.0,3398.0,3439.0,145108300,42200,17,3392.0,3399.0,1394-03-04
1391,2015-05-26,3420.0,3420.0,3301.0,3357.0,808165656,240756,92,3439.0,3353.0,1394-03-05
1390,2015-05-27,3350.0,3487.0,3350.0,3425.0,2280299684,665716,88,3357.0,3440.0,1394-03-06
1389,2015-05-30,3440.0,3445.0,3340.0,3413.0,909286330,266380,36,3425.0,3439.0,1394-03-09
1388,2015-05-31,3488.0,3488.0,3398.0,3407.0,206587395,60641,19,3413.0,3410.0,1394-03-10
1387,2015-06-01,3400.0,3441.0,3392.0,3413.0,138592874,40607,14,3407.0,3420.0,1394-03-11
1386,2015-06-02,3400.0,3460.0,3400.0,3400.0,881378600,259192,39,3413.0,3400.0,1394-03-12
1385,2015-06-06,3440.0,3440.0,3357.0,3400.0,364008257,107055,17,3400.0,3357.0,1394-03-16
1384,2015-06-07,3354.0,3399.0,3300.0,3329.0,536273576,161111,40,3400.0,3311.0,1394-03-17
1383,2015-06-08,3251.0,3298.0,3250.0,3274.0,60081400,18350,19,3329.0,3298.0,1394-03-18
1382,2015-06-09,3398.0,3398.0,3121.0,3215.0,859789774,267396,68,3274.0,3146.0,1394-03-19
1381,2015-06-10,3300.0,3300.0,3215.0,3234.0,2381088873,736249,97,3215.0,3240.0,1394-03-20
1380,2015-06-13,3260.0,3260.0,3150.0,3208.0,1159904195,361548,128,3234.0,3163.0,1394-03-23
1379,2015-06-14,3141.0,3199.0,3048.0,3102.0,2811428496,906195,171,3208.0,3048.0,1394-03-24
1378,2015-06-15,3126.0,3126.0,2961.0,3000.0,1968913561,656228,105,3102.0,3030.0,1394-03-25
1377,2015-06-16,2931.0,3099.0,2931.0,3022.0,727119295,240639,60,3000.0,3096.0,1394-03-26
1376,2015-06-17,3108.0,3173.0,3108.0,3170.0,2319365236,731733,78,3022.0,3173.0,1394-03-27
1375,2015-06-20,3240.0,3249.0,3143.0,3175.0,718976662,226461,61,3170.0,3188.0,1394-03-30
1374,2015-06-21,3188.0,3188.0,3050.0,3115.0,718775617,230750,66,3175.0,3050.0,1394-03-31
1373,2015-06-22,3160.0,3227.0,3100.0,3155.0,2018062849,639697,86,3115.0,3175.0,1394-04-01
1372,2015-06-23,3151.0,3200.0,3071.0,3138.0,589225695,187786,55,3155.0,3100.0,1394-04-02
1371,2015-06-24,3100.0,3178.0,3031.0,3091.0,649423061,210068,46,3138.0,3031.0,1394-04-03
1370,2015-06-27,3050.0,3080.0,2950.0,2994.0,1427753549,476796,94,3091.0,2950.0,1394-04-06
1369,2015-06-28,2938.0,3000.0,2845.0,2923.0,2858230483,977686,191,2994.0,2901.0,1394-04-07
1368,2015-07-07,1971.0,1971.0,1895.0,1940.0,1462795819,754162,119,1776.0,1930.0,1394-04-16
1367,2015-07-11,1900.0,1964.0,1886.0,1914.0,326343279,170516,50,1940.0,1921.0,1394-04-20
1366,2015-07-12,1960.0,1960.0,1909.0,1924.0,965801231,501971,102,1914.0,1938.0,1394-04-21
1365,2015-07-13,1924.0,2019.0,1924.0,1979.0,951530046,480704,121,1924.0,1966.0,1394-04-22
1364,2015-07-14,2077.0,2077.0,1990.0,2030.0,1014338460,499566,84,1979.0,1995.0,1394-04-23
1363,2015-07-15,2039.0,2039.0,1940.0,1980.0,206952059,104544,29,2030.0,1950.0,1394-04-24
1362,2015-07-20,1889.0,1970.0,1886.0,1905.0,237368440,124621,24,1980.0,1894.0,1394-04-29
1361,2015-07-21,1968.0,1968.0,1884.0,1903.0,172215504,90503,28,1905.0,1900.0,1394-04-30
1360,2015-07-22,1900.0,1910.0,1852.0,1877.0,192440340,102513,31,1903.0,1852.0,1394-04-31
1359,2015-07-25,1800.0,1892.0,1784.0,1793.0,697422248,389059,53,1877.0,1850.0,1394-05-03
1358,2015-07-26,1850.0,1858.0,1770.0,1807.0,842534874,466301,93,1793.0,1804.0,1394-05-04
1357,2015-07-27,1800.0,1858.0,1744.0,1770.0,760435091,429560,65,1807.0,1760.0,1394-05-05
1356,2015-07-28,1820.0,1825.0,1778.0,1804.0,1187056833,658064,60,1770.0,1795.0,1394-05-06
1355,2015-07-29,1834.0,1894.0,1830.0,1874.0,1139074422,607738,83,1804.0,1894.0,1394-05-07
1354,2015-08-01,1949.0,1949.0,1850.0,1892.0,91310634,48273,20,1874.0,1890.0,1394-05-10
1353,2015-08-02,1812.0,1925.0,1812.0,1863.0,183280201,98399,25,1892.0,1820.0,1394-05-11
1352,2015-08-03,1880.0,1925.0,1850.0,1905.0,622181267,326569,71,1863.0,1920.0,1394-05-12
1351,2015-08-04,1905.0,1910.0,1870.0,1901.0,519481465,273255,58,1905.0,1903.0,1394-05-13
1350,2015-08-05,1850.0,1945.0,1850.0,1925.0,436400189,226646,56,1901.0,1945.0,1394-05-14
1349,2015-08-08,1938.0,1940.0,1880.0,1937.0,148962100,76900,16,1925.0,1936.0,1394-05-17
1348,2015-08-09,1948.0,2033.0,1948.0,2019.0,2221651984,1100261,149,1937.0,1980.0,1394-05-18
1347,2015-08-10,2029.0,2090.0,1992.0,2057.0,833307942,405096,88,2019.0,2057.0,1394-05-19
1346,2015-08-12,2080.0,2119.0,2056.0,2078.0,963103915,463586,131,2057.0,2080.0,1394-05-21
1345,2015-08-15,2001.0,2119.0,1975.0,2033.0,623902785,306917,113,2078.0,2030.0,1394-05-24
1344,2015-08-16,1951.0,2085.0,1951.0,2013.0,455359647,226255,47,2033.0,2000.0,1394-05-25
1343,2015-08-17,2050.0,2113.0,2038.0,2100.0,3303031631,1572897,174,2013.0,2113.0,1394-05-26
1342,2015-08-18,2101.0,2179.0,2055.0,2103.0,620724772,295182,67,2100.0,2109.0,1394-05-27
1341,2015-08-23,2150.0,2150.0,2150.0,2103.0,1075000,500,1,2103.0,2150.0,1394-06-01
1340,2015-08-24,2171.0,2175.0,2060.0,2108.0,100920427,47469,11,2103.0,2129.0,1394-06-02
1339,2015-08-25,2150.0,2400.0,2100.0,2218.0,2841622962,1280998,164,2108.0,2148.0,1394-06-03
1338,2015-08-26,2110.0,2164.0,2108.0,2111.0,87271267,41334,15,2218.0,2108.0,1394-06-04
1337,2015-08-29,2093.0,2160.0,2006.0,2049.0,456999402,223052,58,2111.0,2006.0,1394-06-07
1336,2015-08-30,1980.0,2089.0,1947.0,1949.0,1010809497,518691,118,2049.0,1949.0,1394-06-08
1335,2015-08-31,1980.0,1990.0,1861.0,1895.0,384513737,202951,56,1949.0,1920.0,1394-06-09
1334,2015-09-01,1980.0,1980.0,1895.0,1910.0,311584551,163120,43,1895.0,1938.0,1394-06-10
1333,2015-09-02,1948.0,2005.0,1910.0,1987.0,597065536,300558,91,1910.0,2005.0,1394-06-11
1332,2015-09-05,2005.0,2080.0,1961.0,1996.0,627230741,314210,46,1987.0,1981.0,1394-06-14
1331,2015-09-06,1957.0,1970.0,1920.0,1945.0,181205108,93163,27,1996.0,1970.0,1394-06-15
1330,2015-09-07,1910.0,1979.0,1880.0,1896.0,276000873,145534,42,1945.0,1880.0,1394-06-16
1329,2015-09-08,1850.0,1977.0,1850.0,1915.0,196643374,102704,28,1896.0,1940.0,1394-06-17
1328,2015-09-09,1880.0,1965.0,1880.0,1928.0,85464010,44335,27,1915.0,1949.0,1394-06-18
1327,2015-09-12,1975.0,2024.0,1953.0,1993.0,224696884,112750,45,1928.0,1965.0,1394-06-21
1326,2015-09-13,1912.0,1975.0,1912.0,1935.0,104575342,54045,21,1993.0,1970.0,1394-06-22
1325,2015-09-14,1916.0,1920.0,1861.0,1907.0,127749170,67001,22,1935.0,1920.0,1394-06-23
1324,2015-09-15,1930.0,1940.0,1870.0,1924.0,61969555,32205,19,1907.0,1925.0,1394-06-24
1323,2015-09-16,1853.0,1947.0,1853.0,1911.0,153145991,80142,15,1924.0,1927.0,1394-06-25
1322,2015-09-19,1881.0,1968.0,1881.0,1934.0,88908466,45961,27,1911.0,1943.0,1394-06-28
1321,2015-09-20,1942.0,1942.0,1838.0,1861.0,135021426,72545,22,1934.0,1879.0,1394-06-29
1320,2015-09-21,1840.0,1920.0,1800.0,1875.0,107193326,57161,33,1861.0,1900.0,1394-06-30
1319,2015-09-22,1900.0,1950.0,1900.0,1912.0,184359871,96440,24,1875.0,1911.0,1394-06-31
1318,2015-09-23,1959.0,1959.0,1856.0,1878.0,416968677,222049,43,1912.0,1915.0,1394-07-01
1317,2015-09-26,1930.0,1930.0,1832.0,1872.0,396636381,211837,29,1878.0,1885.0,1394-07-04
1316,2015-09-27,1822.0,1900.0,1822.0,1856.0,121489769,65451,18,1872.0,1896.0,1394-07-05
1315,2015-09-28,1822.0,1948.0,1822.0,1939.0,1024804542,528448,57,1856.0,1948.0,1394-07-06
1314,2015-09-29,1920.0,2035.0,1920.0,2024.0,1204715810,595178,112,1939.0,2035.0,1394-07-07
1313,2015-09-30,2010.0,2125.0,2010.0,2120.0,7402748632,3492399,329,2024.0,2125.0,1394-07-08
1312,2015-10-03,2160.0,2226.0,2020.0,2194.0,8473764530,3862832,302,2120.0,2125.0,1394-07-11
1311,2015-10-04,2100.0,2230.0,2098.0,2186.0,2274842630,1040517,106,2194.0,2200.0,1394-07-12
1310,2015-10-05,2200.0,2218.0,2077.0,2102.0,9031057799,4297235,267,2186.0,2117.0,1394-07-13
1309,2015-10-06,2058.0,2089.0,1997.0,2021.0,812409764,402017,72,2102.0,2065.0,1394-07-14
1308,2015-10-07,2011.0,2075.0,2010.0,2041.0,215048928,105384,36,2021.0,2030.0,1394-07-15
1307,2015-10-10,2120.0,2120.0,2000.0,2038.0,98863384,48516,16,2041.0,2009.0,1394-07-18
1306,2015-10-11,2001.0,2050.0,2001.0,2046.0,52394237,25613,14,2038.0,2050.0,1394-07-19
1305,2015-10-12,2080.0,2080.0,2002.0,2067.0,268556119,129899,24,2046.0,2080.0,1394-07-20
1304,2015-10-13,2093.0,2170.0,2060.0,2154.0,1414359749,656566,89,2067.0,2170.0,1394-07-21
1303,2015-10-14,2190.0,2259.0,2170.0,2187.0,1253550806,573299,76,2154.0,2184.0,1394-07-22
1302,2015-10-17,2223.0,2296.0,2110.0,2285.0,5316757162,2326732,201,2187.0,2296.0,1394-07-25
1301,2015-10-18,2251.0,2360.0,2171.0,2197.0,2454089952,1116932,107,2285.0,2171.0,1394-07-26
1300,2015-10-19,2112.0,2240.0,2112.0,2199.0,150656968,68510,15,2197.0,2235.0,1394-07-27
1299,2015-10-20,2184.0,2308.0,2184.0,2298.0,3096114833,1347584,95,2199.0,2307.0,1394-07-28
1298,2015-10-21,2220.0,2310.0,2210.0,2221.0,50687752,22818,10,2298.0,2292.0,1394-07-29
1297,2015-10-25,2285.0,2285.0,2131.0,2225.0,67853500,30500,15,2221.0,2210.0,1394-08-03
1296,2015-10-26,2246.0,2248.0,2150.0,2233.0,581769830,260515,38,2225.0,2235.0,1394-08-04
1295,2015-10-27,2277.0,2300.0,2234.0,2253.0,311205380,138110,31,2233.0,2249.0,1394-08-05
1294,2015-10-28,2245.0,2320.0,2245.0,2261.0,313278268,138553,20,2253.0,2288.0,1394-08-06
1293,2015-10-31,2280.0,2284.0,2205.0,2248.0,2156330730,959268,111,2261.0,2255.0,1394-08-09
1292,2015-11-01,2280.0,2320.0,2231.0,2271.0,777231530,342271,73,2248.0,2248.0,1394-08-10
1291,2015-11-02,2275.0,2340.0,2275.0,2304.0,1306080062,566822,56,2271.0,2309.0,1394-08-11
1290,2015-11-03,2193.0,2310.0,2193.0,2300.0,132519067,57629,16,2304.0,2309.0,1394-08-12
1289,2015-11-04,2286.0,2413.0,2286.0,2346.0,1961861711,836185,108,2300.0,2365.0,1394-08-13
1288,2015-11-07,2400.0,2400.0,2305.0,2336.0,40214680,17215,14,2346.0,2376.0,1394-08-16
1287,2015-11-08,2301.0,2373.0,2250.0,2284.0,1521083746,665895,61,2336.0,2250.0,1394-08-17
1286,2015-11-09,2170.0,2244.0,2170.0,2176.0,822704407,378060,75,2284.0,2170.0,1394-08-18
1285,2015-11-10,2102.0,2252.0,2071.0,2101.0,1401292311,666851,90,2176.0,2139.0,1394-08-19
1284,2015-11-11,2189.0,2189.0,2060.0,2102.0,749922268,356749,34,2101.0,2110.0,1394-08-20
1283,2015-11-14,2160.0,2166.0,2091.0,2109.0,505270180,239572,50,2102.0,2120.0,1394-08-23
1282,2015-11-15,2120.0,2150.0,2004.0,2064.0,1185503132,574245,109,2109.0,2018.0,1394-08-24
1281,2015-11-16,2021.0,2088.0,2000.0,2019.0,625953198,310024,71,2064.0,2033.0,1394-08-25
1280,2015-11-17,2085.0,2119.0,2070.0,2095.0,1807081899,862438,131,2019.0,2119.0,1394-08-26
1279,2015-11-18,2150.0,2160.0,2080.0,2128.0,937493109,440466,94,2095.0,2120.0,1394-08-27
1278,2015-11-21,2158.0,2158.0,2100.0,2132.0,342120176,160489,35,2128.0,2115.0,1394-08-30
1277,2015-11-22,2159.0,2159.0,2070.0,2110.0,861411097,408196,67,2132.0,2105.0,1394-09-01
1276,2015-11-23,2025.0,2089.0,2005.0,2027.0,1841333317,908356,148,2110.0,2034.0,1394-09-02
1275,2015-11-24,2065.0,2065.0,2020.0,2027.0,2661971943,1313406,147,2027.0,2034.0,1394-09-03
1274,2015-11-25,2011.0,2083.0,2011.0,2049.0,164767951,80421,23,2027.0,2040.0,1394-09-04
1273,2015-11-28,2015.0,2020.0,2002.0,2007.0,410078874,204297,53,2049.0,2010.0,1394-09-07
1272,2015-11-29,2001.0,2036.0,2000.0,2005.0,422178853,210511,42,2007.0,2006.0,1394-09-08
1271,2015-11-30,2064.0,2064.0,2000.0,2008.0,366906711,182753,40,2005.0,2001.0,1394-09-09
1270,2015-12-01,1997.0,2000.0,1933.0,1977.0,1188708475,601130,90,2008.0,1989.0,1394-09-10
1269,2015-12-05,2059.0,2059.0,1931.0,1967.0,613814394,312053,72,1977.0,1953.0,1394-09-14
1268,2015-12-06,1937.0,1949.0,1910.0,1925.0,578467252,300472,67,1967.0,1917.0,1394-09-15
1267,2015-12-07,1970.0,1970.0,1901.0,1919.0,152991183,79724,26,1925.0,1940.0,1394-09-16
1266,2015-12-08,1881.0,1950.0,1881.0,1929.0,673351734,349062,65,1919.0,1946.0,1394-09-17
1265,2015-12-09,1932.0,1970.0,1909.0,1930.0,632476573,327780,80,1929.0,1920.0,1394-09-18
1264,2015-12-13,1921.0,1921.0,1870.0,1889.0,907594336,480505,113,1930.0,1881.0,1394-09-22
1263,2015-12-14,1852.0,1937.0,1852.0,1895.0,788092207,415933,50,1889.0,1889.0,1394-09-23
1262,2015-12-15,1930.0,1930.0,1870.0,1889.0,598752143,316938,45,1895.0,1889.0,1394-09-24
1261,2015-12-16,1900.0,1900.0,1824.0,1841.0,686597782,372912,106,1889.0,1837.0,1394-09-25
1260,2015-12-19,1812.0,1845.0,1749.0,1773.0,1067979834,602197,110,1841.0,1797.0,1394-09-28
1259,2015-12-20,1798.0,1837.0,1779.0,1807.0,670839867,371210,77,1773.0,1811.0,1394-09-29
1258,2015-12-21,1845.0,1850.0,1807.0,1834.0,510547771,278431,61,1807.0,1829.0,1394-09-30
1257,2015-12-22,1850.0,1860.0,1810.0,1844.0,238610026,129397,31,1834.0,1856.0,1394-10-01
1256,2015-12-23,1859.0,1865.0,1803.0,1842.0,929902978,504697,87,1844.0,1813.0,1394-10-02
1255,2015-12-26,1859.0,1862.0,1801.0,1815.0,106332560,58598,37,1842.0,1803.0,1394-10-05
1254,2015-12-27,1853.0,1898.0,1835.0,1874.0,538895547,287517,60,1815.0,1889.0,1394-10-06
1253,2015-12-28,1884.0,1885.0,1843.0,1862.0,542635265,291420,44,1874.0,1845.0,1394-10-07
1252,2015-12-30,1864.0,1938.0,1864.0,1912.0,426036848,222832,57,1862.0,1871.0,1394-10-09
1251,2016-01-02,1900.0,1919.0,1852.0,1876.0,260939056,139087,45,1912.0,1860.0,1394-10-12
1250,2016-01-03,1898.0,1900.0,1880.0,1895.0,51637431,27250,17,1876.0,1880.0,1394-10-13
1249,2016-01-04,1876.0,1929.0,1830.0,1881.0,548963510,291883,112,1895.0,1840.0,1394-10-14
1248,2016-01-05,1877.0,1975.0,1877.0,1969.0,3785338879,1922429,219,1881.0,1975.0,1394-10-15
1247,2016-01-06,2014.0,2014.0,1901.0,1964.0,2772970868,1411560,187,1969.0,1943.0,1394-10-16
1246,2016-01-09,1906.0,1990.0,1870.0,1915.0,2903203816,1516109,180,1964.0,1880.0,1394-10-19
1245,2016-01-10,1855.0,1894.0,1835.0,1865.0,1948223398,1044855,108,1915.0,1843.0,1394-10-20
1244,2016-01-11,1860.0,1910.0,1840.0,1881.0,1630490685,866851,119,1865.0,1910.0,1394-10-21
1243,2016-01-17,1700.0,1750.0,1700.0,1687.0,234410200,136262,21,1644.0,1702.0,1394-10-27
1242,2016-01-18,1875.0,1875.0,1680.0,1748.0,1393827736,797251,105,1687.0,1794.0,1394-10-28
1241,2016-01-19,1788.0,1835.0,1783.0,1811.0,1129187560,623353,110,1748.0,1791.0,1394-10-29
1240,2016-01-20,1821.0,1859.0,1730.0,1807.0,2020581202,1118106,149,1811.0,1839.0,1394-10-30
1239,2016-01-23,1897.0,1897.0,1851.0,1896.0,4145645481,2186041,247,1807.0,1897.0,1394-11-03
1238,2016-01-24,1901.0,1976.0,1870.0,1916.0,2523089237,1316693,241,1896.0,1959.0,1394-11-04
1237,2016-01-25,1969.0,1969.0,1856.0,1875.0,1994158538,1063682,164,1916.0,1880.0,1394-11-05
1236,2016-01-26,1905.0,1968.0,1900.0,1960.0,6060752897,3091837,282,1875.0,1941.0,1394-11-06
1235,2016-01-27,1970.0,2011.0,1870.0,1929.0,1801429422,934104,153,1960.0,1878.0,1394-11-07
1234,2016-01-30,1898.0,1999.0,1883.0,1957.0,1044711559,533857,71,1929.0,1892.0,1394-11-10
1233,2016-01-31,1940.0,2035.0,1876.0,1967.0,1677487765,853026,139,1957.0,1981.0,1394-11-11
1232,2016-02-01,2020.0,2060.0,1987.0,2013.0,3739430000,1857630,198,1967.0,2000.0,1394-11-12
1231,2016-02-02,2040.0,2064.0,1980.0,2030.0,3429565376,1689207,172,2013.0,2002.0,1394-11-13
1230,2016-02-03,2001.0,2131.0,1986.0,2098.0,19924373410,9498574,691,2030.0,2131.0,1394-11-14
1229,2016-02-06,2202.0,2202.0,2202.0,2202.0,9746736822,4426311,202,2098.0,2202.0,1394-11-17
1228,2016-02-07,2312.0,2312.0,2201.0,2286.0,27419339788,11993013,994,2202.0,2205.0,1394-11-18
1227,2016-02-08,2194.0,2310.0,2175.0,2228.0,15222073447,6831871,792,2286.0,2175.0,1394-11-19
1226,2016-02-09,2200.0,2270.0,2117.0,2195.0,10418519171,4746532,712,2228.0,2120.0,1394-11-20
1225,2016-02-10,2142.0,2180.0,2086.0,2103.0,6453372743,3068587,378,2195.0,2087.0,1394-11-21
1224,2016-02-13,2086.0,2149.0,1998.0,2033.0,3392054520,1668761,242,2103.0,2010.0,1394-11-24
1223,2016-02-14,2049.0,2095.0,1990.0,2039.0,1752061900,859217,167,2033.0,2029.0,1394-11-25
1222,2016-02-15,2030.0,2134.0,2030.0,2089.0,4781592591,2289262,325,2039.0,2050.0,1394-11-26
1221,2016-02-16,2042.0,2117.0,2023.0,2063.0,3301602660,1600070,231,2089.0,2071.0,1394-11-27
1220,2016-02-17,2086.0,2166.0,2057.0,2114.0,7701317901,3643040,422,2063.0,2060.0,1394-11-28
1219,2016-02-20,2100.0,2100.0,2020.0,2054.0,1927098134,938022,134,2114.0,2035.0,1394-12-01
1218,2016-02-21,2010.0,2013.0,1952.0,1983.0,3199897832,1613782,223,2054.0,1952.0,1394-12-02
1217,2016-02-22,1995.0,2050.0,1922.0,1955.0,2504300251,1280987,224,1983.0,1941.0,1394-12-03
1216,2016-02-23,1931.0,1961.0,1870.0,1899.0,3225241988,1698496,265,1955.0,1892.0,1394-12-04
1215,2016-02-24,1885.0,1909.0,1840.0,1864.0,3454593051,1853009,202,1899.0,1908.0,1394-12-05
1214,2016-02-27,1930.0,1957.0,1930.0,1956.0,2501710469,1279180,125,1864.0,1957.0,1394-12-08
1213,2016-02-28,2053.0,2053.0,1980.0,2042.0,7291679858,3571083,524,1956.0,2053.0,1394-12-09
1212,2016-02-29,2053.0,2111.0,1965.0,2032.0,3576993939,1760231,241,2042.0,2025.0,1394-12-10
1211,2016-03-01,2048.0,2048.0,1935.0,1954.0,1315756724,673500,135,2032.0,1950.0,1394-12-11
1210,2016-03-02,1936.0,1977.0,1922.0,1945.0,772007816,396939,97,1954.0,1974.0,1394-12-12
1209,2016-03-05,2016.0,2016.0,1931.0,1945.0,1750525446,900103,134,1945.0,1931.0,1394-12-15
1208,2016-03-06,1904.0,2021.0,1902.0,1986.0,1473190367,741772,205,1945.0,1996.0,1394-12-16
1207,2016-03-07,2000.0,2030.0,1935.0,1966.0,1724837663,877471,143,1986.0,1949.0,1394-12-17
1206,2016-03-08,1960.0,1993.0,1931.0,1959.0,1329514403,678667,120,1966.0,1940.0,1394-12-18
1205,2016-03-09,1988.0,1990.0,1931.0,1942.0,1648346370,848938,137,1959.0,1948.0,1394-12-19
1204,2016-03-12,1969.0,2007.0,1950.0,1985.0,2468221812,1243352,176,1942.0,1961.0,1394-12-22
1203,2016-03-14,1998.0,1998.0,1944.0,1949.0,1361197317,698232,152,1985.0,1944.0,1394-12-24
1202,2016-03-15,1942.0,1971.0,1922.0,1936.0,1497105511,773289,119,1949.0,1925.0,1394-12-25
1201,2016-03-16,1940.0,1985.0,1871.0,1899.0,2981495863,1569712,212,1936.0,1880.0,1394-12-26
1200,2016-03-26,1970.0,1970.0,1855.0,1906.0,754919176,396099,49,1899.0,1905.0,1395-01-07
1199,2016-03-27,1910.0,1960.0,1900.0,1922.0,1522987381,792550,82,1906.0,1946.0,1395-01-08
1198,2016-03-28,1911.0,1949.0,1900.0,1918.0,1764109172,919875,124,1922.0,1949.0,1395-01-09
1197,2016-03-29,1930.0,1959.0,1911.0,1918.0,830279576,432857,75,1918.0,1922.0,1395-01-10
1196,2016-03-30,1947.0,1954.0,1916.0,1928.0,1304736743,676698,111,1918.0,1920.0,1395-01-11
1195,2016-04-02,1931.0,1945.0,1915.0,1925.0,580474196,301533,78,1928.0,1925.0,1395-01-14
1194,2016-04-03,1892.0,1919.0,1870.0,1886.0,756403089,401121,69,1925.0,1903.0,1395-01-15
1193,2016-04-04,1910.0,1940.0,1870.0,1907.0,1741269729,912905,115,1886.0,1910.0,1395-01-16
1192,2016-04-05,1920.0,2002.0,1920.0,1991.0,3019070016,1516387,173,1907.0,2002.0,1395-01-17
1191,2016-04-06,2013.0,2050.0,1928.0,2005.0,2704149935,1348450,183,1991.0,1940.0,1395-01-18
1190,2016-04-09,1970.0,2030.0,1931.0,2001.0,1734722464,866901,209,2005.0,2020.0,1395-01-21
1189,2016-04-10,2028.0,2101.0,2028.0,2089.0,12462380891,5965597,755,2001.0,2101.0,1395-01-22
1188,2016-04-11,2105.0,2160.0,2052.0,2104.0,5205728158,2473789,501,2089.0,2060.0,1395-01-23
1187,2016-04-12,2100.0,2100.0,1999.0,2030.0,1661977523,818619,215,2104.0,1999.0,1395-01-24
1186,2016-04-13,1985.0,1985.0,1940.0,1953.0,1378627911,706078,105,2030.0,1941.0,1395-01-25
1185,2016-04-16,1932.0,2017.0,1865.0,1898.0,1986820874,1047004,190,1953.0,1880.0,1395-01-28
1184,2016-04-17,1880.0,1968.0,1860.0,1914.0,1226342440,640592,140,1898.0,1955.0,1395-01-29
1183,2016-04-18,1955.0,2009.0,1955.0,2006.0,2739449905,1365949,192,1914.0,2009.0,1395-01-30
1182,2016-04-19,2034.0,2034.0,1940.0,1968.0,800871922,406927,72,2006.0,1945.0,1395-01-31
1181,2016-04-20,1930.0,1950.0,1870.0,1887.0,4221695265,2236947,333,1968.0,1916.0,1395-02-01
1180,2016-04-23,1945.0,1945.0,1888.0,1901.0,347465401,182772,65,1887.0,1901.0,1395-02-04
1179,2016-04-24,1892.0,1944.0,1891.0,1931.0,586412616,303739,78,1901.0,1940.0,1395-02-05
1178,2016-04-25,1934.0,1957.0,1915.0,1941.0,919822801,473936,81,1931.0,1915.0,1395-02-06
1177,2016-04-26,1926.0,1950.0,1905.0,1922.0,552523332,287540,84,1941.0,1925.0,1395-02-07
1176,2016-04-27,1923.0,1960.0,1900.0,1937.0,1310762584,676653,88,1922.0,1931.0,1395-02-08
1175,2016-04-30,1930.0,1967.0,1930.0,1949.0,430518879,220855,58,1937.0,1934.0,1395-02-11
1174,2016-05-01,1930.0,1960.0,1913.0,1947.0,767409763,394217,63,1949.0,1952.0,1395-02-12
1173,2016-05-02,1913.0,1940.0,1870.0,1894.0,2112617589,1115468,134,1947.0,1900.0,1395-02-13
1172,2016-05-03,1878.0,1920.0,1861.0,1885.0,2927128731,1552632,217,1894.0,1886.0,1395-02-14
1171,2016-05-04,1920.0,1929.0,1892.0,1903.0,4976641084,2615503,298,1885.0,1919.0,1395-02-15
1170,2016-05-07,1875.0,1920.0,1870.0,1891.0,1810344758,957555,126,1903.0,1899.0,1395-02-18
1169,2016-05-08,1890.0,1935.0,1870.0,1905.0,1507147930,791197,149,1891.0,1924.0,1395-02-19
1168,2016-05-09,1900.0,1930.0,1877.0,1907.0,369104145,193539,65,1905.0,1901.0,1395-02-20
1167,2016-05-10,1929.0,1929.0,1880.0,1887.0,871469413,461750,73,1907.0,1900.0,1395-02-21
1166,2016-05-11,1900.0,1908.0,1870.0,1896.0,1750565451,923355,109,1887.0,1900.0,1395-02-22
1165,2016-05-14,1872.0,1984.0,1872.0,1942.0,2291670308,1180074,212,1896.0,1980.0,1395-02-25
1164,2016-05-15,1970.0,1970.0,1890.0,1910.0,1219209758,638308,134,1942.0,1900.0,1395-02-26
1163,2016-05-16,1890.0,1925.0,1885.0,1901.0,1125160742,591842,88,1910.0,1902.0,1395-02-27
1162,2016-05-17,1886.0,1960.0,1882.0,1931.0,1211361085,627336,99,1901.0,1934.0,1395-02-28
1161,2016-05-18,1932.0,1960.0,1901.0,1914.0,432953251,226160,73,1931.0,1901.0,1395-02-29
1160,2016-05-21,1910.0,1920.0,1890.0,1903.0,899093441,472569,87,1914.0,1900.0,1395-03-01
1159,2016-05-23,1948.0,1948.0,1897.0,1906.0,3454637749,1812538,234,1903.0,1900.0,1395-03-03
1158,2016-06-12,1598.0,1598.0,1460.0,1506.0,1027739884,682337,115,1604.0,1460.0,1395-03-23
1157,2016-06-13,1459.0,1510.0,1431.0,1464.0,971238423,663623,140,1506.0,1440.0,1395-03-24
1156,2016-06-14,1477.0,1477.0,1400.0,1409.0,925596767,656745,121,1464.0,1403.0,1395-03-25
1155,2016-06-15,1419.0,1460.0,1402.0,1431.0,547745238,382770,78,1409.0,1417.0,1395-03-26
1154,2016-06-18,1412.0,1448.0,1362.0,1399.0,1073816274,767666,115,1431.0,1362.0,1395-03-29
1153,2016-06-19,1410.0,1410.0,1335.0,1346.0,598447930,444487,95,1399.0,1350.0,1395-03-30
1152,2016-06-20,1330.0,1340.0,1312.0,1325.0,406428177,306822,51,1346.0,1340.0,1395-03-31
1151,2016-06-21,1332.0,1377.0,1331.0,1365.0,129875913,95136,41,1325.0,1371.0,1395-04-01
1150,2016-06-22,1397.0,1433.0,1397.0,1426.0,681997083,478222,58,1365.0,1433.0,1395-04-02
1149,2016-06-25,1450.0,1457.0,1421.0,1437.0,406685803,283033,59,1426.0,1444.0,1395-04-05
1148,2016-06-26,1455.0,1508.0,1440.0,1482.0,1724944856,1164280,161,1437.0,1508.0,1395-04-06
1147,2016-06-28,1530.0,1547.0,1450.0,1492.0,971315565,651003,107,1482.0,1452.0,1395-04-08
1146,2016-06-29,1453.0,1453.0,1445.0,1449.0,149098529,102879,24,1492.0,1445.0,1395-04-09
1145,2016-07-02,1432.0,1498.0,1430.0,1463.0,68882605,47088,17,1449.0,1465.0,1395-04-12
1144,2016-07-03,1480.0,1519.0,1478.0,1497.0,192168560,128364,39,1463.0,1490.0,1395-04-13
1143,2016-07-04,1519.0,1519.0,1440.0,1453.0,284118883,195586,63,1497.0,1440.0,1395-04-14
1142,2016-07-05,1440.0,1497.0,1423.0,1451.0,217691033,150076,34,1453.0,1460.0,1395-04-15
1141,2016-07-09,1490.0,1490.0,1426.0,1437.0,65341092,45484,12,1451.0,1426.0,1395-04-19
1140,2016-07-10,1475.0,1475.0,1426.0,1449.0,200578632,138402,50,1437.0,1465.0,1395-04-20
1139,2016-07-11,1421.0,1478.0,1421.0,1446.0,234946064,162439,34,1449.0,1451.0,1395-04-21
1138,2016-07-12,1432.0,1469.0,1432.0,1442.0,134753294,93421,17,1446.0,1459.0,1395-04-22
1137,2016-07-13,1442.0,1514.0,1435.0,1479.0,171401883,115917,24,1442.0,1514.0,1395-04-23
1136,2016-07-16,1440.0,1480.0,1435.0,1452.0,155118686,106802,21,1479.0,1477.0,1395-04-26
1135,2016-07-17,1450.0,1475.0,1450.0,1457.0,76036190,52172,16,1452.0,1455.0,1395-04-27
1134,2016-07-18,1441.0,1441.0,1385.0,1412.0,561079391,397463,69,1457.0,1385.0,1395-04-28
1133,2016-07-19,1466.0,1466.0,1400.0,1415.0,222141290,156979,35,1412.0,1400.0,1395-04-29
1132,2016-07-20,1400.0,1410.0,1386.0,1396.0,201979215,144633,26,1415.0,1400.0,1395-04-30
1131,2016-07-23,1396.0,1450.0,1396.0,1426.0,349487322,245025,39,1396.0,1423.0,1395-05-02
1130,2016-07-24,1447.0,1447.0,1412.0,1422.0,167652211,117917,20,1426.0,1421.0,1395-05-03
1129,2016-07-25,1431.0,1458.0,1430.0,1443.0,480510270,333049,55,1422.0,1458.0,1395-05-04
1128,2016-07-26,1460.0,1490.0,1425.0,1461.0,656239529,449128,59,1443.0,1470.0,1395-05-05
1127,2016-07-27,1443.0,1476.0,1443.0,1454.0,98531056,67771,15,1461.0,1446.0,1395-05-06
1126,2016-07-31,1460.0,1460.0,1412.0,1422.0,325790512,229134,39,1454.0,1412.0,1395-05-10
1125,2016-08-10,1410.0,1410.0,1311.0,1349.0,1077498343,798795,136,1422.0,1335.0,1395-05-20
1124,2016-08-13,1334.0,1340.0,1310.0,1325.0,514984169,388683,81,1349.0,1318.0,1395-05-23
1123,2016-08-14,1322.0,1342.0,1315.0,1332.0,974636317,731647,137,1325.0,1342.0,1395-05-24
1122,2016-08-15,1350.0,1360.0,1331.0,1348.0,757113084,561629,89,1332.0,1332.0,1395-05-25
1121,2016-08-16,1358.0,1361.0,1333.0,1340.0,921135121,687339,85,1348.0,1333.0,1395-05-26
1120,2016-08-17,1338.0,1342.0,1300.0,1318.0,347641878,263682,69,1340.0,1300.0,1395-05-27
1119,2016-08-20,1308.0,1340.0,1300.0,1312.0,482252443,367485,81,1318.0,1300.0,1395-05-30
1118,2016-08-21,1325.0,1325.0,1255.0,1277.0,673309414,527253,119,1312.0,1293.0,1395-05-31
1117,2016-08-22,1255.0,1327.0,1250.0,1285.0,1161200230,903488,172,1277.0,1284.0,1395-06-01
1116,2016-08-23,1290.0,1321.0,1290.0,1304.0,278656426,213634,54,1285.0,1300.0,1395-06-02
1115,2016-08-24,1300.0,1305.0,1291.0,1300.0,508302369,391067,46,1304.0,1292.0,1395-06-03
1114,2016-08-27,1260.0,1306.0,1260.0,1277.0,197703902,154846,42,1300.0,1280.0,1395-06-06
1113,2016-08-28,1290.0,1290.0,1245.0,1257.0,525636161,418165,58,1277.0,1251.0,1395-06-07
1112,2016-08-29,1247.0,1300.0,1247.0,1253.0,237712146,189769,42,1257.0,1256.0,1395-06-08
1111,2016-08-30,1280.0,1280.0,1250.0,1263.0,42683570,33788,17,1253.0,1270.0,1395-06-09
1110,2016-08-31,1250.0,1275.0,1212.0,1246.0,527571331,423379,78,1263.0,1236.0,1395-06-10
1109,2016-09-03,1232.0,1235.0,1216.0,1227.0,130211385,106161,29,1246.0,1224.0,1395-06-13
1108,2016-09-04,1212.0,1250.0,1211.0,1232.0,384778017,312271,42,1227.0,1217.0,1395-06-14
1107,2016-09-05,1223.0,1245.0,1214.0,1230.0,239932560,195067,29,1232.0,1230.0,1395-06-15
1106,2016-09-06,1225.0,1263.0,1225.0,1252.0,220704625,176235,34,1230.0,1255.0,1395-06-16
1105,2016-09-07,1255.0,1294.0,1220.0,1255.0,342111658,272646,57,1252.0,1270.0,1395-06-17
1104,2016-09-10,1246.0,1259.0,1226.0,1238.0,115181329,93066,20,1255.0,1229.0,1395-06-20
1103,2016-09-11,1277.0,1277.0,1245.0,1266.0,2126424525,1679238,168,1238.0,1245.0,1395-06-21
1102,2016-09-13,1270.0,1329.0,1270.0,1325.0,4414405298,3331636,314,1266.0,1329.0,1395-06-23
1101,2016-09-14,1334.0,1346.0,1259.0,1284.0,1500196468,1168226,239,1325.0,1259.0,1395-06-24
1100,2016-09-17,1260.0,1285.0,1260.0,1276.0,444981472,348721,52,1284.0,1280.0,1395-06-27
1099,2016-09-18,1260.0,1306.0,1260.0,1295.0,695442825,537099,84,1276.0,1270.0,1395-06-28
1098,2016-09-19,1265.0,1299.0,1260.0,1280.0,390933867,305400,73,1295.0,1270.0,1395-06-29
1097,2016-09-21,1281.0,1289.0,1254.0,1273.0,240001361,188592,47,1280.0,1260.0,1395-06-31
1096,2016-09-24,1255.0,1265.0,1245.0,1253.0,875458406,698748,100,1273.0,1253.0,1395-07-03
1095,2016-09-25,1290.0,1290.0,1250.0,1257.0,356463753,283625,49,1253.0,1277.0,1395-07-04
1094,2016-09-26,1285.0,1318.0,1280.0,1297.0,1505723530,1160518,158,1257.0,1285.0,1395-07-05
1093,2016-09-27,1302.0,1316.0,1270.0,1303.0,534272242,410039,67,1297.0,1300.0,1395-07-06
1092,2016-09-28,1271.0,1300.0,1250.0,1269.0,611064785,481705,82,1303.0,1254.0,1395-07-07
1091,2016-10-01,1254.0,1270.0,1224.0,1237.0,580595406,469187,95,1269.0,1231.0,1395-07-10
1090,2016-10-02,1270.0,1270.0,1232.0,1243.0,267937440,215544,37,1237.0,1240.0,1395-07-11
1089,2016-10-03,1231.0,1242.0,1202.0,1217.0,713761299,586437,100,1243.0,1230.0,1395-07-12
1088,2016-10-04,1240.0,1255.0,1210.0,1243.0,416060370,334666,43,1217.0,1241.0,1395-07-13
1087,2016-10-05,1215.0,1249.0,1215.0,1221.0,148333621,121506,24,1243.0,1225.0,1395-07-14
1086,2016-10-08,1220.0,1265.0,1218.0,1233.0,339533068,275413,43,1221.0,1222.0,1395-07-17
1085,2016-10-09,1215.0,1260.0,1210.0,1241.0,354705258,285824,63,1233.0,1255.0,1395-07-18
1084,2016-10-10,1225.0,1264.0,1225.0,1240.0,628679330,506831,72,1241.0,1241.0,1395-07-19
1083,2016-10-15,1255.0,1255.0,1235.0,1249.0,146798467,117555,47,1240.0,1250.0,1395-07-24
1082,2016-10-16,1265.0,1267.0,1225.0,1236.0,429725232,347650,57,1249.0,1240.0,1395-07-25
1081,2016-10-17,1230.0,1295.0,1228.0,1268.0,2508971329,1978686,311,1236.0,1254.0,1395-07-26
1080,2016-10-18,1285.0,1290.0,1251.0,1266.0,1834806501,1449586,194,1268.0,1262.0,1395-07-27
1079,2016-10-19,1259.0,1311.0,1256.0,1284.0,1831961361,1426660,204,1266.0,1300.0,1395-07-28
1078,2016-10-22,1300.0,1348.0,1300.0,1342.0,2776846245,2069562,267,1284.0,1347.0,1395-08-01
1077,2016-10-23,1349.0,1350.0,1320.0,1331.0,824611692,619479,136,1342.0,1340.0,1395-08-02
1076,2016-10-24,1342.0,1396.0,1341.0,1378.0,1644655251,1193489,196,1331.0,1385.0,1395-08-03
1075,2016-10-25,1390.0,1390.0,1352.0,1373.0,1142460064,831871,114,1378.0,1366.0,1395-08-04
1074,2016-10-26,1370.0,1441.0,1370.0,1420.0,2222637605,1565156,210,1373.0,1400.0,1395-08-05
1073,2016-10-29,1393.0,1420.0,1380.0,1407.0,1863623098,1324710,150,1420.0,1380.0,1395-08-08
1072,2016-10-30,1370.0,1389.0,1340.0,1353.0,1101347165,813940,118,1407.0,1356.0,1395-08-09
1071,2016-10-31,1366.0,1380.0,1321.0,1345.0,861350569,640260,72,1353.0,1360.0,1395-08-10
1070,2016-11-01,1372.0,1399.0,1330.0,1377.0,1639911946,1191175,128,1345.0,1370.0,1395-08-11
1069,2016-11-02,1379.0,1380.0,1341.0,1362.0,355828951,261200,34,1377.0,1365.0,1395-08-12
1068,2016-11-05,1378.0,1378.0,1296.0,1314.0,1457167734,1108884,124,1362.0,1296.0,1395-08-15
1067,2016-11-06,1337.0,1338.0,1306.0,1310.0,359069920,274191,54,1314.0,1307.0,1395-08-16
1066,2016-11-07,1301.0,1372.0,1300.0,1349.0,1079847855,800637,74,1310.0,1349.0,1395-08-17
1065,2016-11-08,1341.0,1348.0,1315.0,1330.0,382701163,287658,48,1349.0,1321.0,1395-08-18
1064,2016-11-09,1300.0,1300.0,1264.0,1281.0,1198398923,935171,114,1330.0,1290.0,1395-08-19
1063,2016-11-12,1280.0,1300.0,1270.0,1280.0,435675340,340384,57,1281.0,1298.0,1395-08-22
1062,2016-11-13,1310.0,1343.0,1310.0,1332.0,1047592129,786549,83,1280.0,1339.0,1395-08-23
1061,2016-11-14,1352.0,1377.0,1318.0,1338.0,590184235,441108,63,1332.0,1330.0,1395-08-24
1060,2016-11-15,1345.0,1352.0,1316.0,1327.0,495007630,372962,43,1338.0,1319.0,1395-08-25
1059,2016-11-16,1349.0,1349.0,1301.0,1318.0,173216871,131447,34,1327.0,1305.0,1395-08-26
1058,2016-11-19,1301.0,1302.0,1285.0,1290.0,163045861,126427,28,1318.0,1298.0,1395-08-29
1057,2016-11-21,1285.0,1310.0,1285.0,1300.0,184859876,142163,36,1290.0,1300.0,1395-09-01
1056,2016-11-22,1323.0,1323.0,1285.0,1291.0,718137816,556273,58,1300.0,1300.0,1395-09-02
1055,2016-11-23,1287.0,1350.0,1267.0,1307.0,660896896,505468,102,1291.0,1290.0,1395-09-03
1054,2016-11-26,1277.0,1310.0,1277.0,1298.0,169135628,130325,25,1307.0,1310.0,1395-09-06
1053,2016-11-27,1300.0,1300.0,1275.0,1280.0,286152933,223577,25,1298.0,1281.0,1395-09-07
1052,2016-11-29,1275.0,1290.0,1275.0,1280.0,37000944,28918,14,1280.0,1289.0,1395-09-09
1051,2016-12-03,1280.0,1280.0,1250.0,1253.0,183497684,146412,38,1280.0,1250.0,1395-09-13
1050,2016-12-04,1284.0,1284.0,1233.0,1247.0,146505973,117529,21,1253.0,1247.0,1395-09-14
1049,2016-12-05,1275.0,1299.0,1243.0,1273.0,492059611,386385,50,1247.0,1288.0,1395-09-15
1048,2016-12-06,1262.0,1295.0,1260.0,1275.0,229001740,179633,36,1273.0,1293.0,1395-09-16
1047,2016-12-07,1300.0,1300.0,1241.0,1248.0,1073146534,859761,131,1275.0,1241.0,1395-09-17
1046,2016-12-10,1287.0,1287.0,1188.0,1222.0,593742732,486007,72,1248.0,1188.0,1395-09-20
1045,2016-12-11,1230.0,1238.0,1176.0,1194.0,1153739613,966467,134,1222.0,1192.0,1395-09-21
1044,2016-12-12,1181.0,1212.0,1179.0,1188.0,1007033806,847906,144,1194.0,1183.0,1395-09-22
1043,2016-12-13,1198.0,1198.0,1176.0,1181.0,201808190,170935,39,1188.0,1188.0,1395-09-23
1042,2016-12-14,1194.0,1195.0,1155.0,1170.0,632975088,541036,99,1181.0,1167.0,1395-09-24
1041,2016-12-18,1170.0,1180.0,1140.0,1157.0,567537470,490421,108,1170.0,1143.0,1395-09-28
1040,2016-12-19,1140.0,1150.0,1120.0,1133.0,611067844,539362,97,1157.0,1140.0,1395-09-29
1039,2016-12-20,1120.0,1145.0,1110.0,1131.0,1259696834,1114028,77,1133.0,1125.0,1395-09-30
1038,2016-12-21,1128.0,1158.0,1128.0,1143.0,2187384972,1914315,217,1131.0,1136.0,1395-10-01
1037,2016-12-24,1145.0,1149.0,1120.0,1131.0,1260908615,1115281,170,1143.0,1138.0,1395-10-04
1036,2016-12-25,1130.0,1148.0,1112.0,1128.0,893336273,791676,111,1131.0,1130.0,1395-10-05
1035,2017-01-03,1003.0,1060.0,1003.0,1051.0,21234000,21000,3,1053.0,1060.0,1395-10-14
1034,2017-01-04,1022.0,1049.0,990.0,1005.0,1012481726,1007258,143,1051.0,995.0,1395-10-15
1033,2017-01-07,995.0,1000.0,956.0,981.0,1107504789,1128836,152,1005.0,985.0,1395-10-18
1032,2017-01-08,965.0,995.0,965.0,983.0,711099345,723286,106,981.0,980.0,1395-10-19
1031,2017-01-09,990.0,1017.0,980.0,993.0,799743714,805245,105,983.0,980.0,1395-10-20
1030,2017-01-11,1023.0,1023.0,973.0,978.0,353935598,361745,52,993.0,974.0,1395-10-22
1029,2017-01-14,990.0,1019.0,980.0,1004.0,359600505,358180,63,978.0,1013.0,1395-10-25
1028,2017-01-15,1015.0,1025.0,995.0,1004.0,733589179,730308,94,1004.0,995.0,1395-10-26
1027,2017-01-16,1022.0,1025.0,999.0,1014.0,8525850589,8408325,343,1004.0,1000.0,1395-10-27
1026,2017-01-17,1014.0,1040.0,1000.0,1019.0,893902181,877103,114,1014.0,1037.0,1395-10-28
1025,2017-01-18,1064.0,1069.0,1030.0,1060.0,2861794510,2698789,266,1019.0,1051.0,1395-10-29
1024,2017-01-21,1050.0,1050.0,1024.0,1036.0,324197292,312822,57,1060.0,1042.0,1395-11-02
1023,2017-01-22,1042.0,1054.0,1030.0,1040.0,146659116,140984,55,1036.0,1030.0,1395-11-03
1022,2017-01-23,1045.0,1060.0,1037.0,1049.0,661829342,630995,63,1040.0,1040.0,1395-11-04
1021,2017-01-24,1060.0,1067.0,1041.0,1053.0,740884068,703398,93,1049.0,1060.0,1395-11-05
1020,2017-01-25,1059.0,1059.0,1025.0,1032.0,578093738,560242,53,1053.0,1028.0,1395-11-06
1019,2017-01-28,1044.0,1044.0,1020.0,1027.0,256818845,250041,45,1032.0,1020.0,1395-11-09
1018,2017-01-29,1030.0,1039.0,1002.0,1018.0,870332348,854799,98,1027.0,1015.0,1395-11-10
1017,2017-01-30,1012.0,1034.0,1011.0,1021.0,668287867,654535,63,1018.0,1025.0,1395-11-11
1016,2017-01-31,1016.0,1029.0,990.0,1008.0,705284131,699479,85,1021.0,998.0,1395-11-12
1015,2017-02-01,1015.0,1015.0,972.0,988.0,747169343,756190,114,1008.0,981.0,1395-11-13
1014,2017-02-04,976.0,980.0,966.0,972.0,488866637,503115,73,988.0,966.0,1395-11-16
1013,2017-02-05,970.0,993.0,962.0,966.0,381419801,394860,79,972.0,985.0,1395-11-17
1012,2017-02-06,990.0,1014.0,990.0,1008.0,427785558,424503,85,966.0,995.0,1395-11-18
1011,2017-02-07,1017.0,1018.0,993.0,1001.0,347793961,347447,56,1008.0,997.0,1395-11-19
1010,2017-02-08,1011.0,1023.0,998.0,1004.0,640110450,637660,90,1001.0,999.0,1395-11-20
1009,2017-02-11,1000.0,1004.0,989.0,996.0,391034448,392746,63,1004.0,991.0,1395-11-23
1008,2017-02-12,989.0,1045.0,980.0,1040.0,3639409661,3499462,380,996.0,1020.0,1395-11-24
1007,2017-02-13,1020.0,1058.0,1010.0,1037.0,1465245278,1412352,151,1040.0,1040.0,1395-11-25
1006,2017-02-14,1030.0,1065.0,1020.0,1050.0,310436726,295791,41,1037.0,1043.0,1395-11-26
1005,2017-02-15,1063.0,1075.0,1048.0,1061.0,543905809,512549,80,1050.0,1048.0,1395-11-27
1004,2017-02-18,1063.0,1063.0,1027.0,1034.0,589749281,570627,88,1061.0,1032.0,1395-11-30
1003,2017-02-19,1050.0,1065.0,1048.0,1056.0,517906537,490614,83,1034.0,1053.0,1395-12-01
1002,2017-02-20,1060.0,1082.0,1036.0,1057.0,1550292299,1466784,136,1056.0,1040.0,1395-12-02
1001,2017-02-21,1050.0,1055.0,1030.0,1042.0,206561678,198153,50,1057.0,1035.0,1395-12-03
1000,2017-02-22,1034.0,1071.0,1034.0,1058.0,546875087,517118,66,1042.0,1069.0,1395-12-04
999,2017-02-25,1068.0,1070.0,1040.0,1053.0,1202876968,1142524,121,1058.0,1050.0,1395-12-07
998,2017-02-26,1067.0,1069.0,1040.0,1050.0,338636975,322631,65,1053.0,1046.0,1395-12-08
997,2017-02-27,1062.0,1062.0,1030.0,1044.0,430499570,412163,59,1050.0,1032.0,1395-12-09
996,2017-02-28,1032.0,1059.0,1020.0,1033.0,621798234,601987,68,1044.0,1023.0,1395-12-10
995,2017-03-01,1056.0,1056.0,1015.0,1019.0,388908488,381534,49,1033.0,1015.0,1395-12-11
994,2017-03-04,1011.0,1049.0,1007.0,1011.0,188014502,185961,42,1019.0,1032.0,1395-12-14
993,2017-03-05,1003.0,1027.0,990.0,1006.0,505347431,502141,47,1011.0,1001.0,1395-12-15
992,2017-03-06,1002.0,1030.0,995.0,1013.0,348762011,344452,46,1006.0,1002.0,1395-12-16
991,2017-03-07,1001.0,1005.0,999.0,1001.0,220737446,220545,40,1013.0,1000.0,1395-12-17
990,2017-03-08,1020.0,1020.0,998.0,1002.0,186000916,185679,31,1001.0,1015.0,1395-12-18
989,2017-03-11,1031.0,1031.0,987.0,1005.0,145814787,145113,24,1002.0,1005.0,1395-12-21
988,2017-03-12,1032.0,1032.0,991.0,1001.0,187312209,187102,25,1005.0,1001.0,1395-12-22
987,2017-03-13,1018.0,1029.0,1000.0,1018.0,342100620,336175,26,1001.0,1024.0,1395-12-23
986,2017-03-14,1032.0,1034.0,1013.0,1017.0,248279878,244150,28,1018.0,1029.0,1395-12-24
985,2017-03-15,1047.0,1059.0,1005.0,1045.0,419819878,401630,60,1017.0,1045.0,1395-12-25
984,2017-03-18,1031.0,1050.0,1025.0,1037.0,250021727,241171,44,1045.0,1033.0,1395-12-28
983,2017-03-25,1060.0,1075.0,1031.0,1067.0,272671445,255667,47,1037.0,1056.0,1396-01-05
982,2017-03-26,1075.0,1075.0,1046.0,1055.0,410442660,389183,50,1067.0,1050.0,1396-01-06
981,2017-03-27,1060.0,1067.0,1049.0,1052.0,426547809,405465,47,1055.0,1049.0,1396-01-07
980,2017-03-28,1061.0,1061.0,1030.0,1041.0,430179431,413192,55,1052.0,1045.0,1396-01-08
979,2017-03-29,1047.0,1066.0,1040.0,1051.0,418764602,398260,47,1041.0,1043.0,1396-01-09
978,2017-04-03,1066.0,1103.0,1066.0,1090.0,2231748865,2048331,273,1051.0,1096.0,1396-01-14
977,2017-04-04,1099.0,1120.0,1070.0,1085.0,1791900676,1651422,147,1090.0,1071.0,1396-01-15
976,2017-04-05,1070.0,1089.0,1070.0,1073.0,455355191,424293,69,1085.0,1073.0,1396-01-16
975,2017-04-08,1060.0,1110.0,1050.0,1087.0,873401294,803237,118,1073.0,1091.0,1396-01-19
974,2017-04-09,1117.0,1141.0,1117.0,1138.0,4361689507,3833644,423,1087.0,1140.0,1396-01-20
973,2017-04-10,1152.0,1194.0,1141.0,1170.0,3440913994,2939991,276,1138.0,1151.0,1396-01-21
972,2017-04-12,1150.0,1160.0,1123.0,1151.0,3332019073,2895950,277,1170.0,1139.0,1396-01-23
971,2017-04-15,1150.0,1157.0,1133.0,1145.0,920380534,803530,95,1151.0,1140.0,1396-01-26
970,2017-04-16,1133.0,1157.0,1102.0,1129.0,1511444548,1338229,142,1145.0,1131.0,1396-01-27
969,2017-04-17,1149.0,1175.0,1102.0,1136.0,645994405,568645,67,1129.0,1130.0,1396-01-28
968,2017-04-18,1120.0,1130.0,1109.0,1117.0,426111220,381664,50,1136.0,1110.0,1396-01-29
967,2017-04-19,1117.0,1138.0,1100.0,1107.0,1181898639,1067729,126,1117.0,1118.0,1396-01-30
966,2017-04-22,1120.0,1149.0,1111.0,1128.0,2453574203,2175343,193,1107.0,1120.0,1396-02-02
965,2017-04-23,1106.0,1138.0,1072.0,1111.0,925749226,833374,100,1128.0,1119.0,1396-02-03
964,2017-04-24,1097.0,1160.0,1097.0,1145.0,1919813256,1677277,174,1111.0,1145.0,1396-02-04
963,2017-04-26,1145.0,1170.0,1141.0,1152.0,1804692379,1567106,166,1145.0,1158.0,1396-02-06
962,2017-04-29,1150.0,1159.0,1102.0,1132.0,676926395,598075,89,1152.0,1120.0,1396-02-09
961,2017-04-30,1149.0,1150.0,1106.0,1128.0,558682869,495459,71,1132.0,1113.0,1396-02-10
960,2017-05-01,1113.0,1129.0,1092.0,1102.0,1063816249,965007,102,1128.0,1100.0,1396-02-11
959,2017-05-02,1095.0,1100.0,1070.0,1083.0,1057633231,976667,127,1102.0,1087.0,1396-02-12
958,2017-05-03,1074.0,1129.0,1074.0,1112.0,720026459,647733,96,1083.0,1103.0,1396-02-13
957,2017-05-06,1130.0,1137.0,1095.0,1128.0,6128824140,5434741,299,1112.0,1130.0,1396-02-16
956,2017-05-07,1130.0,1184.0,1130.0,1159.0,26356828844,22734462,1206,1128.0,1184.0,1396-02-17
955,2017-05-08,1180.0,1205.0,1131.0,1148.0,20642850777,17977059,1526,1159.0,1150.0,1396-02-18
954,2017-05-09,1142.0,1167.0,1096.0,1104.0,2414520740,2187122,244,1148.0,1125.0,1396-02-19
953,2017-05-10,1121.0,1148.0,1101.0,1113.0,662223479,594876,65,1104.0,1117.0,1396-02-20
952,2017-05-13,1103.0,1138.0,1090.0,1101.0,873139486,792946,126,1113.0,1099.0,1396-02-23
951,2017-05-14,1090.0,1119.0,1065.0,1075.0,2746788633,2555475,311,1101.0,1070.0,1396-02-24
950,2017-05-15,1067.0,1110.0,1067.0,1088.0,1754126184,1612182,165,1075.0,1104.0,1396-02-25
949,2017-05-16,1080.0,1132.0,1080.0,1115.0,1816888880,1629467,141,1088.0,1115.0,1396-02-26
948,2017-05-17,1093.0,1131.0,1093.0,1107.0,1654852763,1495361,124,1115.0,1110.0,1396-02-27
947,2017-05-20,1130.0,1141.0,1113.0,1121.0,489731802,436857,52,1107.0,1115.0,1396-02-30
946,2017-05-21,1120.0,1120.0,1099.0,1110.0,561239164,505842,52,1121.0,1114.0,1396-02-31
945,2017-05-22,1100.0,1127.0,1100.0,1114.0,917929935,824161,69,1110.0,1100.0,1396-03-01
944,2017-05-23,1120.0,1121.0,1100.0,1111.0,598583900,538633,51,1114.0,1102.0,1396-03-02
943,2017-05-24,1097.0,1139.0,1091.0,1106.0,2115873424,1912325,196,1111.0,1100.0,1396-03-03
942,2017-05-27,1091.0,1111.0,1083.0,1091.0,1407487155,1289608,114,1106.0,1086.0,1396-03-06
941,2017-05-28,1080.0,1090.0,1056.0,1063.0,2110040979,1984189,192,1091.0,1075.0,1396-03-07
940,2017-05-29,1078.0,1095.0,1060.0,1075.0,1104714663,1027368,129,1063.0,1079.0,1396-03-08
939,2017-05-30,1061.0,1087.0,1053.0,1064.0,1007839819,947661,120,1075.0,1075.0,1396-03-09
938,2017-05-31,1064.0,1097.0,1056.0,1063.0,705937236,664009,114,1064.0,1068.0,1396-03-10
937,2017-06-03,1056.0,1080.0,1056.0,1075.0,347901433,323539,47,1063.0,1070.0,1396-03-13
936,2017-06-06,1056.0,1089.0,1050.0,1052.0,319077697,303327,52,1075.0,1060.0,1396-03-16
935,2017-06-07,1057.0,1087.0,1020.0,1049.0,1427819541,1361638,197,1052.0,1050.0,1396-03-17
934,2017-06-10,1051.0,1087.0,1050.0,1068.0,277198048,259451,50,1049.0,1069.0,1396-03-20
933,2017-06-11,1050.0,1073.0,1050.0,1059.0,235232260,222057,36,1068.0,1060.0,1396-03-21
932,2017-06-12,1048.0,1076.0,1045.0,1060.0,310888939,293222,60,1059.0,1060.0,1396-03-22
931,2017-06-13,1048.0,1076.0,1048.0,1064.0,601695787,565603,66,1060.0,1070.0,1396-03-23
930,2017-06-14,1077.0,1088.0,1057.0,1071.0,356545103,332808,50,1064.0,1078.0,1396-03-24
929,2017-06-17,1057.0,1086.0,1050.0,1072.0,563295204,525601,66,1071.0,1069.0,1396-03-27
928,2017-06-18,1052.0,1085.0,1040.0,1060.0,383152422,361413,58,1072.0,1050.0,1396-03-28
927,2017-06-19,1049.0,1076.0,1048.0,1063.0,544260114,512057,55,1060.0,1061.0,1396-03-29
926,2017-06-20,1050.0,1098.0,1050.0,1076.0,1311519944,1218896,118,1063.0,1080.0,1396-03-30
925,2017-06-21,1061.0,1092.0,1050.0,1058.0,481115547,454570,47,1076.0,1053.0,1396-03-31
924,2017-06-24,1050.0,1082.0,1047.0,1050.0,768818196,732552,80,1058.0,1047.0,1396-04-03
923,2017-06-25,1060.0,1078.0,1052.0,1064.0,2875974949,2702139,156,1050.0,1062.0,1396-04-04
922,2017-06-28,1051.0,1075.0,1051.0,1057.0,317773035,300725,44,1064.0,1063.0,1396-04-07
921,2017-07-01,1063.0,1063.0,1050.0,1055.0,907680521,860531,101,1057.0,1058.0,1396-04-10
920,2017-07-02,1060.0,1060.0,1047.0,1053.0,200309880,190206,41,1055.0,1055.0,1396-04-11
919,2017-07-03,1050.0,1058.0,1045.0,1051.0,228629970,217470,34,1053.0,1045.0,1396-04-12
918,2017-07-04,1048.0,1059.0,1030.0,1043.0,742471668,711735,101,1051.0,1054.0,1396-04-13
917,2017-07-05,1043.0,1080.0,1043.0,1059.0,1640463991,1548362,113,1043.0,1060.0,1396-04-14
916,2017-07-08,1051.0,1078.0,1044.0,1058.0,707272549,668377,70,1059.0,1044.0,1396-04-17
915,2017-07-09,1050.0,1075.0,1031.0,1042.0,971820235,932578,86,1058.0,1059.0,1396-04-18
914,2017-07-10,1050.0,1067.0,1042.0,1044.0,7108300683,6807533,667,1042.0,1042.0,1396-04-19
913,2017-07-11,1060.0,1069.0,1045.0,1055.0,2439173500,2312074,225,1044.0,1064.0,1396-04-20
912,2017-07-12,1055.0,1080.0,1055.0,1076.0,1825417926,1696379,196,1055.0,1074.0,1396-04-21
911,2017-07-15,1053.0,1129.0,1053.0,1110.0,9219073085,8308577,709,1076.0,1117.0,1396-04-24
910,2017-07-16,1087.0,1122.0,1080.0,1102.0,2333067677,2117540,237,1110.0,1080.0,1396-04-25
909,2017-07-17,1090.0,1109.0,1067.0,1077.0,1701681711,1580369,162,1102.0,1078.0,1396-04-26
908,2017-07-18,1063.0,1128.0,1063.0,1107.0,2834653163,2560084,247,1077.0,1081.0,1396-04-27
907,2017-07-19,1080.0,1128.0,1080.0,1112.0,3588802778,3226353,278,1107.0,1118.0,1396-04-28
906,2017-07-30,1060.0,1060.0,1015.0,1034.0,3295964868,3188454,300,1112.0,1028.0,1396-05-08
905,2017-07-31,1030.0,1039.0,997.0,1011.0,5145496450,5088558,498,1034.0,997.0,1396-05-09
904,2017-08-01,1000.0,1019.0,980.0,991.0,2069864816,2088636,228,1011.0,990.0,1396-05-10
903,2017-08-02,999.0,999.0,969.0,982.0,1339128967,1364267,138,991.0,995.0,1396-05-11
902,2017-08-06,990.0,992.0,970.0,980.0,1732921423,1768839,183,982.0,990.0,1396-05-15
901,2017-08-07,981.0,1015.0,980.0,998.0,1198146047,1200213,112,980.0,1000.0,1396-05-16
900,2017-08-08,994.0,1014.0,985.0,992.0,476589837,480539,59,998.0,990.0,1396-05-17
899,2017-08-09,986.0,999.0,980.0,990.0,755692298,763582,81,992.0,996.0,1396-05-18
898,2017-08-12,999.0,1005.0,969.0,984.0,947560728,963050,97,990.0,1000.0,1396-05-21
897,2017-08-13,1003.0,1003.0,978.0,988.0,232585519,235319,31,984.0,978.0,1396-05-22
896,2017-08-14,985.0,990.0,970.0,978.0,717287740,733456,51,988.0,973.0,1396-05-23
895,2017-08-15,974.0,996.0,970.0,979.0,562665900,574731,54,978.0,971.0,1396-05-24
894,2017-08-16,990.0,990.0,971.0,972.0,556129579,571915,52,979.0,971.0,1396-05-25
893,2017-08-19,970.0,992.0,962.0,967.0,1630869553,1686348,185,972.0,965.0,1396-05-28
892,2017-08-20,978.0,983.0,947.0,964.0,570502526,591936,76,967.0,969.0,1396-05-29
891,2017-08-21,955.0,968.0,935.0,947.0,2004956363,2118175,205,964.0,966.0,1396-05-30
890,2017-08-28,982.0,984.0,948.0,959.0,1901273413,1983304,135,947.0,955.0,1396-06-06
889,2017-08-29,979.0,979.0,948.0,957.0,608391752,635917,81,959.0,970.0,1396-06-07
888,2017-08-30,952.0,1002.0,940.0,978.0,2823812338,2886223,317,957.0,970.0,1396-06-08
887,2017-09-02,999.0,1000.0,950.0,978.0,810327591,828927,77,978.0,974.0,1396-06-11
886,2017-09-03,955.0,999.0,955.0,980.0,332560532,339225,60,978.0,980.0,1396-06-12
885,2017-09-04,958.0,987.0,958.0,968.0,242539411,250545,47,980.0,961.0,1396-06-13
884,2017-09-05,961.0,980.0,952.0,959.0,396034054,412972,65,968.0,973.0,1396-06-14
883,2017-09-06,974.0,981.0,935.0,946.0,797600244,843546,79,959.0,947.0,1396-06-15
882,2017-09-10,942.0,970.0,935.0,945.0,417030767,441317,49,946.0,948.0,1396-06-19
881,2017-09-11,962.0,962.0,935.0,936.0,164302547,175577,17,945.0,935.0,1396-06-20
880,2017-09-12,935.0,950.0,929.0,932.0,832517842,893098,103,936.0,930.0,1396-06-21
879,2017-09-13,930.0,970.0,929.0,943.0,457106827,484879,93,932.0,968.0,1396-06-22
878,2017-09-16,935.0,970.0,929.0,953.0,352518339,370028,54,943.0,944.0,1396-06-25
877,2017-09-17,979.0,1000.0,961.0,997.0,5539848457,5556414,383,953.0,1000.0,1396-06-26
876,2017-09-18,1000.0,1001.0,986.0,990.0,319167348,322516,34,997.0,986.0,1396-06-27
875,2017-09-19,1000.0,1000.0,967.0,981.0,326969674,333215,35,990.0,969.0,1396-06-28
874,2017-09-20,998.0,998.0,968.0,979.0,344750909,352223,39,981.0,985.0,1396-06-29
873,2017-09-23,972.0,999.0,969.0,980.0,313743108,320244,24,979.0,989.0,1396-07-01
872,2017-09-24,971.0,983.0,964.0,969.0,637945586,658476,43,980.0,964.0,1396-07-02
871,2017-09-25,965.0,980.0,946.0,956.0,725764812,758772,56,969.0,950.0,1396-07-03
870,2017-09-26,965.0,975.0,960.0,967.0,168250418,173954,20,956.0,972.0,1396-07-04
869,2017-09-27,970.0,979.0,951.0,961.0,116092306,120759,32,967.0,974.0,1396-07-05
868,2017-10-02,975.0,979.0,957.0,969.0,185970678,191954,23,961.0,970.0,1396-07-10
867,2017-10-03,956.0,966.0,929.0,946.0,650455064,687683,52,969.0,939.0,1396-07-11
866,2017-10-04,968.0,969.0,944.0,953.0,191478822,201022,26,946.0,947.0,1396-07-12
865,2017-10-07,947.0,949.0,920.0,928.0,1050470255,1132572,121,953.0,930.0,1396-07-15
864,2017-10-08,914.0,930.0,882.0,886.0,2029214539,2290929,151,928.0,886.0,1396-07-16
863,2017-10-09,882.0,925.0,880.0,895.0,428118866,478369,50,886.0,914.0,1396-07-17
862,2017-10-10,915.0,920.0,886.0,910.0,710112824,780743,79,895.0,918.0,1396-07-18
861,2017-10-11,910.0,941.0,886.0,910.0,426219929,468187,45,910.0,886.0,1396-07-19
860,2017-10-14,930.0,955.0,913.0,946.0,712069530,753084,90,910.0,955.0,1396-07-22
859,2017-10-15,973.0,987.0,937.0,969.0,327245116,337677,58,946.0,964.0,1396-07-23
858,2017-10-16,979.0,980.0,943.0,961.0,327416560,340624,57,969.0,950.0,1396-07-24
857,2017-10-17,921.0,972.0,921.0,962.0,238803543,248301,19,961.0,940.0,1396-07-25
856,2017-10-18,931.0,956.0,925.0,930.0,222018600,238685,41,962.0,925.0,1396-07-26
855,2017-10-21,921.0,942.0,914.0,925.0,68393680,73900,19,930.0,930.0,1396-07-29
854,2017-10-22,912.0,960.0,911.0,947.0,690980664,729950,50,925.0,932.0,1396-07-30
853,2017-10-23,930.0,959.0,918.0,932.0,242615475,260333,44,947.0,919.0,1396-08-01
852,2017-10-24,910.0,934.0,900.0,909.0,259023827,284824,56,932.0,914.0,1396-08-02
851,2017-10-25,943.0,943.0,905.0,912.0,154821889,169769,26,909.0,927.0,1396-08-03
850,2017-10-28,929.0,930.0,905.0,921.0,85265327,92629,20,912.0,910.0,1396-08-06
849,2017-10-29,896.0,910.0,895.0,900.0,1320447222,1467012,115,921.0,900.0,1396-08-07
848,2017-10-30,891.0,891.0,855.0,860.0,9209731047,10708098,836,900.0,856.0,1396-08-08
847,2017-10-31,870.0,878.0,858.0,861.0,1201241516,1394656,137,860.0,865.0,1396-08-09
846,2017-11-01,870.0,893.0,862.0,874.0,572911360,655471,86,861.0,875.0,1396-08-10
845,2017-11-04,864.0,889.0,860.0,878.0,808889458,921650,117,874.0,879.0,1396-08-13
844,2017-11-05,870.0,880.0,859.0,867.0,741711096,855750,78,878.0,869.0,1396-08-14
843,2017-11-06,860.0,869.0,851.0,858.0,425830124,496162,68,867.0,869.0,1396-08-15
842,2017-11-07,852.0,878.0,850.0,865.0,649433186,750756,84,858.0,870.0,1396-08-16
841,2017-11-08,860.0,871.0,855.0,859.0,486918317,566537,64,865.0,858.0,1396-08-17
840,2017-11-11,876.0,892.0,859.0,875.0,574968424,657048,102,859.0,870.0,1396-08-20
839,2017-11-12,864.0,879.0,860.0,866.0,500724677,578056,74,875.0,860.0,1396-08-21
838,2017-11-13,872.0,872.0,845.0,852.0,899660673,1056168,103,866.0,855.0,1396-08-22
837,2017-11-14,847.0,864.0,845.0,849.0,354758068,417632,61,852.0,860.0,1396-08-23
836,2017-11-15,865.0,869.0,851.0,860.0,286123249,332605,40,849.0,867.0,1396-08-24
835,2017-11-18,860.0,865.0,850.0,857.0,137688100,160580,27,860.0,858.0,1396-08-27
834,2017-11-20,855.0,870.0,855.0,866.0,286955636,331200,44,857.0,863.0,1396-08-29
833,2017-11-21,851.0,868.0,840.0,845.0,648331573,767010,91,866.0,840.0,1396-08-30
832,2017-11-22,842.0,864.0,840.0,844.0,629797143,746225,76,845.0,845.0,1396-09-01
831,2017-11-25,845.0,854.0,835.0,846.0,377991329,446879,53,844.0,840.0,1396-09-04
830,2017-11-26,837.0,848.0,828.0,832.0,783715402,941456,138,846.0,830.0,1396-09-05
829,2017-11-28,845.0,845.0,827.0,830.0,321039162,386918,43,832.0,840.0,1396-09-07
828,2017-11-29,830.0,850.0,827.0,836.0,665153407,795880,113,830.0,843.0,1396-09-08
827,2017-12-02,840.0,850.0,835.0,847.0,139921110,165142,19,836.0,840.0,1396-09-11
826,2017-12-03,835.0,862.0,830.0,846.0,678499175,801637,84,847.0,840.0,1396-09-12
825,2017-12-04,836.0,853.0,815.0,825.0,1493298852,1809125,189,846.0,820.0,1396-09-13
824,2017-12-05,842.0,842.0,820.0,824.0,407644173,494869,74,825.0,830.0,1396-09-14
823,2017-12-09,839.0,839.0,820.0,824.0,459205958,556993,63,824.0,831.0,1396-09-18
822,2017-12-10,835.0,839.0,826.0,832.0,328833156,395017,45,824.0,830.0,1396-09-19
821,2017-12-11,831.0,835.0,823.0,830.0,291689417,351464,63,832.0,831.0,1396-09-20
820,2017-12-12,825.0,858.0,825.0,849.0,794623467,935917,119,830.0,850.0,1396-09-21
819,2017-12-13,846.0,856.0,831.0,837.0,700998190,837258,68,849.0,847.0,1396-09-22
818,2017-12-16,840.0,856.0,839.0,851.0,171036682,200997,72,837.0,854.0,1396-09-25
817,2017-12-17,851.0,851.0,832.0,840.0,457161663,543938,61,851.0,849.0,1396-09-26
816,2017-12-25,840.0,843.0,810.0,815.0,732840561,899363,108,840.0,815.0,1396-10-04
815,2018-01-01,802.0,830.0,801.0,805.0,112659434,139981,33,815.0,819.0,1396-10-11
814,2018-01-02,800.0,819.0,766.0,788.0,1204286090,1528029,184,805.0,774.0,1396-10-12
813,2018-01-03,780.0,785.0,759.0,769.0,905800756,1177412,147,788.0,777.0,1396-10-13
812,2018-01-06,762.0,807.0,762.0,798.0,1142359710,1431180,131,769.0,807.0,1396-10-16
811,2018-01-07,835.0,837.0,820.0,833.0,1607162134,1928210,199,798.0,837.0,1396-10-17
810,2018-01-08,866.0,866.0,817.0,834.0,1666462021,1997076,238,833.0,831.0,1396-10-18
809,2018-01-09,830.0,849.0,817.0,826.0,398514622,482277,72,834.0,832.0,1396-10-19
808,2018-01-10,830.0,839.0,812.0,827.0,238379086,288090,42,826.0,830.0,1396-10-20
807,2018-01-13,840.0,860.0,800.0,818.0,2184881823,2669426,204,827.0,800.0,1396-10-23
806,2018-01-14,825.0,825.0,800.0,803.0,1640775139,2042585,171,818.0,800.0,1396-10-24
805,2018-01-15,827.0,827.0,780.0,788.0,856737096,1086761,137,803.0,780.0,1396-10-25
804,2018-01-16,791.0,808.0,788.0,796.0,1074793426,1351051,121,788.0,788.0,1396-10-26
803,2018-01-17,800.0,807.0,776.0,790.0,618470684,782547,79,796.0,780.0,1396-10-27
802,2018-01-20,790.0,802.0,780.0,784.0,179017826,228199,40,790.0,781.0,1396-10-30
801,2018-01-21,777.0,790.0,765.0,779.0,518819771,665740,57,784.0,790.0,1396-11-01
800,2018-01-22,767.0,797.0,760.0,778.0,298504667,383743,38,779.0,775.0,1396-11-02
799,2018-01-23,761.0,800.0,760.0,789.0,481436102,609916,57,778.0,799.0,1396-11-03
798,2018-01-24,780.0,799.0,780.0,786.0,552380048,702739,79,789.0,781.0,1396-11-04
797,2018-01-27,799.0,808.0,793.0,799.0,401763698,502580,80,786.0,800.0,1396-11-07
796,2018-01-28,800.0,800.0,784.0,789.0,127184761,161296,28,799.0,786.0,1396-11-08
795,2018-01-29,793.0,794.0,779.0,782.0,527507651,674712,59,789.0,779.0,1396-11-09
794,2018-01-30,789.0,789.0,770.0,778.0,110262613,141681,22,782.0,770.0,1396-11-10
793,2018-01-31,777.0,789.0,763.0,772.0,539841333,699085,58,778.0,787.0,1396-11-11
792,2018-02-03,775.0,777.0,734.0,745.0,1909160546,2562235,197,772.0,756.0,1396-11-14
791,2018-02-04,758.0,768.0,731.0,740.0,308954951,417330,51,745.0,740.0,1396-11-15
790,2018-02-05,741.0,759.0,735.0,747.0,649748756,869705,110,740.0,753.0,1396-11-16
789,2018-02-06,744.0,762.0,744.0,750.0,701066187,934246,109,747.0,753.0,1396-11-17
788,2018-02-07,741.0,767.0,741.0,752.0,305831291,406683,49,750.0,760.0,1396-11-18
787,2018-02-10,751.0,765.0,740.0,754.0,628602412,833699,55,752.0,756.0,1396-11-21
786,2018-02-12,757.0,787.0,755.0,764.0,1151434622,1507269,104,754.0,774.0,1396-11-23
785,2018-02-13,768.0,794.0,760.0,782.0,821388889,1049860,131,764.0,776.0,1396-11-24
784,2018-02-14,785.0,817.0,785.0,802.0,1081328784,1347634,163,782.0,795.0,1396-11-25
783,2018-02-17,818.0,818.0,793.0,803.0,732878753,912260,109,802.0,794.0,1396-11-28
782,2018-02-18,793.0,799.0,780.0,783.0,932006583,1190912,77,803.0,780.0,1396-11-29
781,2018-02-19,793.0,793.0,776.0,783.0,400286450,511407,45,783.0,783.0,1396-11-30
780,2018-02-21,771.0,798.0,771.0,781.0,571434704,731959,79,783.0,781.0,1396-12-02
779,2018-02-24,766.0,767.0,760.0,763.0,1109075947,1452828,116,781.0,760.0,1396-12-05
778,2018-02-25,761.0,768.0,755.0,761.0,140553416,184657,61,763.0,755.0,1396-12-06
777,2018-02-26,759.0,766.0,750.0,754.0,102497332,136006,27,761.0,755.0,1396-12-07
776,2018-02-27,755.0,760.0,751.0,755.0,164331823,217657,35,754.0,760.0,1396-12-08
775,2018-02-28,765.0,777.0,757.0,764.0,236952380,310038,48,755.0,769.0,1396-12-09
774,2018-03-03,778.0,782.0,763.0,776.0,504055700,649325,75,764.0,770.0,1396-12-12
773,2018-03-04,782.0,785.0,746.0,754.0,773006907,1024680,111,776.0,769.0,1396-12-13
772,2018-03-05,760.0,775.0,750.0,757.0,262667219,347160,43,754.0,751.0,1396-12-14
771,2018-03-06,751.0,758.0,742.0,747.0,367466622,491633,68,757.0,742.0,1396-12-15
770,2018-03-07,751.0,758.0,740.0,747.0,323295888,432824,49,747.0,745.0,1396-12-16
769,2018-03-10,745.0,759.0,721.0,744.0,911928218,1225692,76,747.0,747.0,1396-12-19
768,2018-03-11,730.0,745.0,721.0,731.0,215531208,294870,37,744.0,735.0,1396-12-20
767,2018-03-12,735.0,735.0,725.0,729.0,143783687,197113,26,731.0,728.0,1396-12-21
766,2018-03-13,744.0,744.0,723.0,728.0,232789093,319864,41,729.0,724.0,1396-12-22
765,2018-03-14,740.0,740.0,712.0,718.0,385069793,535937,65,728.0,720.0,1396-12-23
764,2018-03-17,727.0,727.0,702.0,711.0,259154969,364492,49,718.0,705.0,1396-12-26
763,2018-03-18,701.0,734.0,701.0,708.0,371681291,524796,43,711.0,708.0,1396-12-27
762,2018-03-19,720.0,734.0,714.0,724.0,348621282,481462,62,708.0,728.0,1396-12-28
761,2018-03-25,736.0,749.0,714.0,733.0,383071269,522898,54,724.0,742.0,1397-01-05
760,2018-03-26,740.0,745.0,735.0,741.0,134724725,181810,19,733.0,740.0,1397-01-06
759,2018-03-27,740.0,764.0,740.0,754.0,388462197,514926,64,741.0,755.0,1397-01-07
758,2018-03-28,755.0,790.0,753.0,779.0,915673241,1175681,96,754.0,790.0,1397-01-08
757,2018-04-03,762.0,795.0,762.0,778.0,379040856,486988,49,779.0,792.0,1397-01-14
756,2018-04-04,774.0,789.0,770.0,772.0,270728880,350462,44,778.0,770.0,1397-01-15
755,2018-04-07,787.0,787.0,750.0,765.0,521871047,681868,60,772.0,751.0,1397-01-18
754,2018-04-08,750.0,755.0,735.0,743.0,595605936,802002,60,765.0,738.0,1397-01-19
753,2018-04-09,721.0,732.0,717.0,721.0,1135214571,1574243,93,743.0,717.0,1397-01-20
752,2018-04-10,750.0,750.0,713.0,719.0,367944729,511701,93,721.0,733.0,1397-01-21
751,2018-04-11,716.0,718.0,703.0,710.0,302459346,425893,39,719.0,703.0,1397-01-22
750,2018-04-15,725.0,745.0,720.0,735.0,274778173,373622,48,710.0,745.0,1397-01-26
749,2018-04-16,749.0,769.0,741.0,751.0,211411947,281367,37,735.0,741.0,1397-01-27
748,2018-04-17,768.0,768.0,740.0,747.0,99945860,133854,20,751.0,740.0,1397-01-28
747,2018-04-18,740.0,747.0,740.0,740.0,20652300,27900,4,747.0,747.0,1397-01-29
746,2018-04-22,776.0,776.0,730.0,754.0,129831606,172241,27,740.0,751.0,1397-02-02
745,2018-04-23,745.0,745.0,730.0,733.0,266342369,363302,33,754.0,730.0,1397-02-03
744,2018-04-24,730.0,765.0,729.0,744.0,374269757,503244,71,733.0,740.0,1397-02-04
743,2018-04-25,761.0,767.0,741.0,755.0,376316592,498556,73,744.0,743.0,1397-02-05
742,2018-04-28,738.0,760.0,730.0,736.0,152297705,207026,20,755.0,745.0,1397-02-08
741,2018-04-29,740.0,758.0,738.0,747.0,95004312,127158,31,736.0,738.0,1397-02-09
740,2018-04-30,750.0,756.0,749.0,754.0,264662907,350949,34,747.0,755.0,1397-02-10
739,2018-05-01,750.0,752.0,730.0,744.0,64029555,86090,12,754.0,730.0,1397-02-11
738,2018-05-05,754.0,754.0,721.0,735.0,45612651,62071,18,744.0,721.0,1397-02-15
737,2018-05-06,721.0,721.0,710.0,712.0,741592121,1041593,88,735.0,715.0,1397-02-16
736,2018-05-07,716.0,724.0,714.0,717.0,708511084,988456,63,712.0,724.0,1397-02-17
735,2018-05-08,729.0,752.0,721.0,745.0,1318960418,1769457,152,717.0,752.0,1397-02-18
734,2018-05-09,748.0,782.0,711.0,773.0,4140212327,5354747,371,745.0,782.0,1397-02-19
733,2018-05-12,811.0,811.0,791.0,811.0,2147986868,2648788,185,773.0,811.0,1397-02-22
732,2018-05-13,851.0,851.0,851.0,851.0,688272631,808781,39,811.0,851.0,1397-02-23
731,2018-05-14,893.0,893.0,893.0,893.0,694861160,778120,25,851.0,893.0,1397-02-24
730,2018-05-15,915.0,949.0,872.0,913.0,9032773134,9895358,793,893.0,895.0,1397-02-25
729,2018-05-16,886.0,958.0,886.0,945.0,7097536816,7511933,693,913.0,958.0,1397-02-26
728,2018-05-19,940.0,992.0,940.0,982.0,14848695212,15115525,1093,945.0,980.0,1397-02-29
727,2018-05-20,980.0,997.0,933.0,948.0,7393230530,7802708,802,982.0,933.0,1397-02-30
726,2018-05-21,904.0,970.0,904.0,943.0,3756216672,3981816,391,948.0,949.0,1397-02-31
725,2018-05-22,921.0,964.0,902.0,927.0,1726225527,1861260,243,943.0,904.0,1397-03-01
724,2018-05-23,898.0,940.0,882.0,907.0,10164525517,11211302,871,927.0,915.0,1397-03-02
723,2018-05-26,931.0,945.0,908.0,927.0,2550988383,2752727,293,907.0,910.0,1397-03-05
722,2018-05-27,918.0,930.0,892.0,903.0,1879061645,2080200,182,927.0,901.0,1397-03-06
721,2018-05-28,882.0,947.0,882.0,926.0,4653743697,5023182,424,903.0,930.0,1397-03-07
720,2018-05-29,948.0,948.0,920.0,936.0,2135268382,2281473,158,926.0,938.0,1397-03-08
719,2018-05-30,935.0,982.0,935.0,968.0,6147333120,6352397,514,936.0,982.0,1397-03-09
718,2018-06-02,1007.0,1016.0,985.0,1013.0,5538362627,5468738,423,968.0,1016.0,1397-03-12
717,2018-06-03,1044.0,1049.0,996.0,1020.0,7686470046,7532882,683,1013.0,1020.0,1397-03-13
716,2018-06-09,1024.0,1050.0,980.0,1019.0,7392810340,7258286,578,1020.0,999.0,1397-03-19
715,2018-06-10,1030.0,1030.0,975.0,985.0,2957990284,3004257,302,1019.0,982.0,1397-03-20
714,2018-06-11,983.0,998.0,965.0,974.0,2195683071,2254971,233,985.0,980.0,1397-03-21
713,2018-06-12,991.0,1010.0,971.0,985.0,1512628886,1536206,171,974.0,981.0,1397-03-22
712,2018-06-13,994.0,1018.0,971.0,1002.0,3031529604,3024211,314,985.0,1009.0,1397-03-23
711,2018-06-17,1034.0,1052.0,1020.0,1046.0,5397637137,5161541,406,1002.0,1052.0,1397-03-27
710,2018-06-18,1070.0,1070.0,994.0,1011.0,3120441647,3085051,287,1046.0,994.0,1397-03-28
709,2018-06-19,985.0,1034.0,970.0,1004.0,2674379998,2662784,234,1011.0,986.0,1397-03-29
708,2018-06-20,991.0,1023.0,967.0,991.0,3650420180,3683432,334,1004.0,976.0,1397-03-30
707,2018-06-23,1000.0,1030.0,970.0,1000.0,2338071473,2337733,231,991.0,997.0,1397-04-02
706,2018-06-24,999.0,1009.0,966.0,978.0,3366321575,3441111,289,1000.0,970.0,1397-04-03
705,2018-06-25,980.0,980.0,930.0,938.0,6046032471,6448455,448,978.0,934.0,1397-04-04
704,2018-06-26,948.0,948.0,910.0,917.0,1537771395,1677320,151,938.0,910.0,1397-04-05
703,2018-06-27,959.0,961.0,905.0,945.0,986216228,1043809,100,917.0,930.0,1397-04-06
702,2018-06-30,935.0,966.0,930.0,948.0,1277026619,1347546,153,945.0,950.0,1397-04-09
701,2018-07-01,959.0,986.0,931.0,964.0,2049029027,2125861,207,948.0,945.0,1397-04-10
700,2018-07-02,972.0,972.0,933.0,960.0,845433529,881107,85,964.0,936.0,1397-04-11
699,2018-07-03,936.0,943.0,916.0,922.0,1089952198,1181687,128,960.0,920.0,1397-04-12
698,2018-07-04,917.0,922.0,896.0,906.0,1358264680,1500000,173,922.0,900.0,1397-04-13
697,2018-07-07,932.0,940.0,897.0,917.0,431626816,470769,71,906.0,903.0,1397-04-16
696,2018-07-08,898.0,910.0,890.0,894.0,505735083,565775,67,917.0,891.0,1397-04-17
695,2018-07-10,894.0,937.0,853.0,891.0,1303728240,1463401,143,894.0,931.0,1397-04-19
694,2018-07-11,928.0,929.0,860.0,892.0,1033633944,1159112,139,891.0,870.0,1397-04-20
693,2018-07-14,917.0,929.0,885.0,901.0,216888992,240826,56,892.0,900.0,1397-04-23
692,2018-07-15,895.0,945.0,895.0,933.0,1040629717,1115306,125,901.0,938.0,1397-04-24
691,2018-07-16,938.0,940.0,906.0,920.0,596857854,648844,86,933.0,910.0,1397-04-25
690,2018-07-17,928.0,928.0,890.0,908.0,453548553,499363,69,920.0,890.0,1397-04-26
689,2018-07-18,893.0,910.0,872.0,888.0,1098757927,1237698,130,908.0,876.0,1397-04-27
688,2018-07-21,881.0,925.0,881.0,909.0,786546159,865745,115,888.0,904.0,1397-04-30
687,2018-07-22,893.0,915.0,868.0,879.0,1561482265,1775817,209,909.0,869.0,1397-04-31
686,2018-07-23,851.0,870.0,849.0,853.0,927221538,1087085,105,879.0,860.0,1397-05-01
685,2018-07-24,845.0,887.0,823.0,856.0,1831166678,2138163,198,853.0,841.0,1397-05-02
684,2018-07-25,856.0,897.0,815.0,844.0,4610768471,5459997,475,856.0,888.0,1397-05-03
683,2018-07-28,880.0,886.0,856.0,878.0,1310426659,1491924,179,844.0,860.0,1397-05-06
682,2018-07-29,884.0,884.0,840.0,851.0,848672605,997540,117,878.0,840.0,1397-05-07
681,2018-07-30,840.0,867.0,820.0,828.0,1490382520,1799346,194,851.0,839.0,1397-05-08
680,2018-07-31,829.0,869.0,829.0,862.0,1425500510,1653270,171,828.0,869.0,1397-05-09
679,2018-08-01,880.0,905.0,854.0,887.0,3530584787,3980044,344,862.0,883.0,1397-05-10
678,2018-08-04,883.0,897.0,857.0,872.0,741303005,850082,98,887.0,880.0,1397-05-13
677,2018-08-05,852.0,884.0,830.0,841.0,1639779093,1948915,207,872.0,835.0,1397-05-14
676,2018-08-06,831.0,850.0,816.0,826.0,1114784958,1349864,133,841.0,844.0,1397-05-15
675,2018-08-07,824.0,867.0,824.0,858.0,863585093,1007011,105,826.0,867.0,1397-05-16
674,2018-08-08,900.0,900.0,890.0,900.0,3389616900,3766751,302,858.0,900.0,1397-05-17
673,2018-08-11,902.0,940.0,890.0,909.0,844059565,928270,128,900.0,892.0,1397-05-20
672,2018-08-12,910.0,910.0,865.0,876.0,910545202,1039950,127,909.0,876.0,1397-05-21
671,2018-08-13,873.0,919.0,873.0,906.0,2690657584,2970079,290,876.0,899.0,1397-05-22
670,2018-08-14,874.0,915.0,872.0,882.0,861500736,976994,110,906.0,883.0,1397-05-23
669,2018-08-15,897.0,926.0,877.0,908.0,1706086018,1879121,181,882.0,924.0,1397-05-24
668,2018-08-18,925.0,953.0,913.0,947.0,1078861859,1139615,109,908.0,953.0,1397-05-27
667,2018-08-19,994.0,994.0,941.0,984.0,5445804876,5534549,393,947.0,972.0,1397-05-28
666,2018-08-20,970.0,975.0,944.0,957.0,1450806739,1516128,181,984.0,950.0,1397-05-29
665,2018-08-21,972.0,972.0,937.0,951.0,1108734899,1166436,137,957.0,968.0,1397-05-30
664,2018-08-25,989.0,989.0,939.0,968.0,2504915977,2587413,214,951.0,983.0,1397-06-03
663,2018-08-26,989.0,1007.0,950.0,982.0,5334336018,5431750,499,968.0,1007.0,1397-06-04
662,2018-08-27,1009.0,1030.0,980.0,1005.0,2571659763,2558959,265,982.0,981.0,1397-06-05
661,2018-08-28,959.0,997.0,955.0,963.0,1831367335,1902324,227,1005.0,955.0,1397-06-06
660,2018-08-29,933.0,979.0,933.0,941.0,2282272713,2426540,194,963.0,945.0,1397-06-07
659,2018-09-01,970.0,988.0,932.0,983.0,3515295271,3575686,261,941.0,988.0,1397-06-10
658,2018-09-02,1029.0,1029.0,970.0,994.0,2826161087,2841990,266,983.0,973.0,1397-06-11
657,2018-09-03,959.0,1015.0,945.0,957.0,2267569427,2370621,238,994.0,945.0,1397-06-12
656,2018-09-04,950.0,980.0,940.0,954.0,2165360915,2269052,239,957.0,965.0,1397-06-13
655,2018-09-05,951.0,975.0,951.0,964.0,926280864,960766,98,954.0,957.0,1397-06-14
654,2018-09-08,951.0,1012.0,950.0,1004.0,6998932636,6968838,930,964.0,1012.0,1397-06-17
653,2018-09-09,1031.0,1032.0,980.0,1005.0,4014089173,3995126,402,1004.0,997.0,1397-06-18
652,2018-09-10,1005.0,1028.0,990.0,1009.0,3348312357,3318419,324,1005.0,999.0,1397-06-19
651,2018-09-11,1020.0,1059.0,1011.0,1055.0,7935082757,7523383,548,1009.0,1059.0,1397-06-20
650,2018-09-12,1107.0,1107.0,1107.0,1107.0,500541120,452160,33,1055.0,1107.0,1397-06-21
649,2018-09-15,1162.0,1162.0,1125.0,1162.0,20878427449,17975158,1106,1107.0,1162.0,1397-06-24
648,2018-09-16,1180.0,1220.0,1111.0,1197.0,11160512232,9323304,749,1162.0,1220.0,1397-06-25
647,2018-09-17,1197.0,1235.0,1197.0,1214.0,584757414,481833,39,1197.0,1235.0,1397-06-26
646,2018-09-18,1274.0,1337.0,1263.0,1327.0,9835251127,7411789,490,1214.0,1337.0,1397-06-27
645,2018-09-22,1390.0,1393.0,1370.0,1392.0,6405945185,4602537,391,1327.0,1393.0,1397-06-31
644,2018-09-23,1402.0,1403.0,1323.0,1365.0,10021131567,7340117,814,1392.0,1323.0,1397-07-01
643,2018-09-24,1313.0,1350.0,1297.0,1311.0,13266716184,10123068,886,1365.0,1331.0,1397-07-02
642,2018-09-25,1321.0,1376.0,1321.0,1359.0,13345594452,9823126,751,1311.0,1346.0,1397-07-03
641,2018-09-26,1371.0,1400.0,1311.0,1341.0,11685271090,8715769,775,1359.0,1340.0,1397-07-04
640,2018-09-29,1408.0,1408.0,1405.0,1408.0,29293730290,20805413,1220,1341.0,1408.0,1397-07-07
639,2018-09-30,1478.0,1478.0,1425.0,1467.0,27784936513,18945127,1522,1408.0,1475.0,1397-07-08
638,2018-10-01,1530.0,1530.0,1493.0,1520.0,2302298801,1514790,91,1467.0,1493.0,1397-07-09
637,2018-10-07,1444.0,1444.0,1444.0,1444.0,17546044,12151,4,1520.0,1444.0,1397-07-15
636,2018-10-08,1372.0,1372.0,1372.0,1372.0,67339132,49081,55,1444.0,1372.0,1397-07-16
635,2018-10-09,1304.0,1304.0,1304.0,1304.0,642221304,492501,74,1372.0,1304.0,1397-07-17
634,2018-10-10,1239.0,1239.0,1239.0,1239.0,259888923,209757,57,1304.0,1239.0,1397-07-18
633,2018-10-13,1178.0,1178.0,1178.0,1178.0,157333680,133560,50,1239.0,1178.0,1397-07-21
632,2018-10-14,1120.0,1120.0,1120.0,1120.0,67200000,60000,2,1178.0,1120.0,1397-07-22
631,2018-10-15,1110.0,1110.0,1055.0,1066.0,15835941576,14849430,966,1120.0,1085.0,1397-07-23
630,2018-10-16,1080.0,1109.0,1038.0,1082.0,13424948652,12410038,921,1066.0,1058.0,1397-07-24
629,2018-10-17,1030.0,1065.0,1029.0,1047.0,5334028652,5092265,463,1082.0,1063.0,1397-07-25
628,2018-10-20,1070.0,1099.0,1060.0,1094.0,3902408894,3566406,368,1047.0,1099.0,1397-07-28
627,2018-10-21,1110.0,1125.0,1066.0,1086.0,2805480064,2584017,256,1094.0,1080.0,1397-07-29
626,2018-10-22,1060.0,1120.0,1044.0,1088.0,5164794730,4746790,401,1086.0,1088.0,1397-07-30
625,2018-10-23,1098.0,1098.0,1034.0,1037.0,5102711653,4920053,380,1088.0,1034.0,1397-08-01
624,2018-10-24,1050.0,1050.0,986.0,996.0,3089259237,3101302,244,1037.0,986.0,1397-08-02
623,2018-10-27,950.0,996.0,947.0,960.0,3026130109,3153811,300,996.0,970.0,1397-08-05
622,2018-10-28,981.0,1002.0,940.0,985.0,1173258750,1190769,188,960.0,1000.0,1397-08-06
621,2018-10-29,1000.0,1034.0,1000.0,1033.0,2179586774,2110242,188,985.0,1034.0,1397-08-07
620,2018-10-31,1076.0,1084.0,1047.0,1080.0,4236783714,3923851,358,1033.0,1084.0,1397-08-09
619,2018-11-03,1088.0,1091.0,1041.0,1066.0,930467133,872706,133,1080.0,1046.0,1397-08-12
618,2018-11-04,1080.0,1080.0,1013.0,1021.0,991246588,970741,163,1066.0,1013.0,1397-08-13
617,2018-11-05,1026.0,1068.0,1001.0,1051.0,1001320225,953182,171,1021.0,1066.0,1397-08-14
616,2018-11-06,1041.0,1088.0,1024.0,1050.0,1085320297,1033974,152,1051.0,1038.0,1397-08-15
615,2018-11-10,1051.0,1102.0,1030.0,1095.0,10025390352,9153498,577,1050.0,1102.0,1397-08-19
614,2018-11-11,1138.0,1149.0,1120.0,1146.0,20700191338,18069221,1170,1095.0,1149.0,1397-08-20
613,2018-11-12,1150.0,1184.0,1109.0,1149.0,7691042099,6692255,671,1146.0,1160.0,1397-08-21
612,2018-11-13,1151.0,1174.0,1110.0,1133.0,4152399599,3664383,458,1149.0,1122.0,1397-08-22
611,2018-11-14,1112.0,1141.0,1100.0,1118.0,2448843375,2191343,291,1133.0,1126.0,1397-08-23
610,2018-11-17,1149.0,1149.0,1069.0,1089.0,2127708240,1952965,247,1118.0,1074.0,1397-08-26
609,2018-11-18,1089.0,1089.0,1035.0,1040.0,3232670204,3107436,283,1089.0,1035.0,1397-08-27
608,2018-11-19,995.0,1090.0,995.0,1046.0,1518609328,1452302,200,1040.0,1042.0,1397-08-28
607,2018-11-20,1077.0,1098.0,1024.0,1064.0,2400251913,2255855,337,1046.0,1097.0,1397-08-29
606,2018-11-21,1065.0,1115.0,1062.0,1082.0,2289059548,2116378,239,1064.0,1088.0,1397-08-30
605,2018-11-24,1099.0,1099.0,1040.0,1060.0,874345026,825166,128,1082.0,1064.0,1397-09-03
604,2018-11-26,1064.0,1064.0,1010.0,1035.0,854667617,825971,131,1060.0,1022.0,1397-09-05
603,2018-11-27,1056.0,1062.0,1016.0,1033.0,1200787059,1162182,166,1035.0,1038.0,1397-09-06
602,2018-11-28,1030.0,1040.0,1010.0,1018.0,987363134,969876,153,1033.0,1040.0,1397-09-07
601,2018-12-01,1038.0,1038.0,968.0,978.0,2032191018,2077644,247,1018.0,968.0,1397-09-10
600,2018-12-02,962.0,999.0,951.0,971.0,3689868113,3799414,328,978.0,967.0,1397-09-11
599,2018-12-03,971.0,997.0,950.0,966.0,1680380649,1739818,233,971.0,961.0,1397-09-12
598,2018-12-04,979.0,988.0,941.0,955.0,1444436369,1512060,199,966.0,953.0,1397-09-13
597,2018-12-05,966.0,989.0,960.0,971.0,1985464537,2044273,235,955.0,983.0,1397-09-14
596,2018-12-08,988.0,1019.0,984.0,1009.0,2568551642,2546002,287,971.0,1019.0,1397-09-17
595,2018-12-09,1039.0,1039.0,980.0,1006.0,2286878851,2272916,264,1009.0,1026.0,1397-09-18
594,2018-12-10,1002.0,1056.0,1002.0,1047.0,3886631678,3713248,445,1006.0,1056.0,1397-09-19
593,2018-12-12,1061.0,1061.0,1004.0,1037.0,1257011571,1212295,224,1047.0,1010.0,1397-09-21
592,2018-12-15,1049.0,1049.0,988.0,1000.0,1282230292,1282752,166,1037.0,999.0,1397-09-24
591,2018-12-16,971.0,1006.0,965.0,974.0,2034455923,2089659,227,1000.0,989.0,1397-09-25
590,2018-12-17,970.0,1000.0,963.0,983.0,718003741,730688,101,974.0,985.0,1397-09-26
589,2018-12-18,984.0,984.0,943.0,967.0,1280327838,1324500,135,983.0,958.0,1397-09-27
588,2018-12-19,956.0,996.0,935.0,944.0,1679325030,1778722,209,967.0,954.0,1397-09-28
587,2018-12-26,946.0,946.0,945.0,946.0,256481568,271158,25,901.0,946.0,1397-10-05
586,2018-12-29,969.0,987.0,959.0,976.0,822916892,843504,120,946.0,975.0,1397-10-08
585,2018-12-30,970.0,970.0,938.0,946.0,1729271246,1828926,188,976.0,960.0,1397-10-09
584,2018-12-31,960.0,978.0,940.0,957.0,1444622311,1509514,199,946.0,975.0,1397-10-10
583,2019-01-01,954.0,998.0,954.0,981.0,1527853331,1557656,199,957.0,960.0,1397-10-11
582,2019-01-02,979.0,981.0,952.0,958.0,1346707194,1405689,185,981.0,953.0,1397-10-12
581,2019-01-05,952.0,961.0,944.0,950.0,1298952638,1367681,177,958.0,951.0,1397-10-15
580,2019-01-06,948.0,959.0,940.0,945.0,1682458741,1780955,190,950.0,947.0,1397-10-16
579,2019-01-07,941.0,951.0,932.0,938.0,1362178932,1451940,161,945.0,941.0,1397-10-17
578,2019-01-08,950.0,966.0,936.0,940.0,1209321085,1286026,169,938.0,937.0,1397-10-18
577,2019-01-09,933.0,948.0,930.0,938.0,830663756,885313,156,940.0,948.0,1397-10-19
576,2019-01-12,949.0,965.0,941.0,953.0,1285998734,1349753,175,938.0,949.0,1397-10-22
575,2019-01-13,950.0,1000.0,946.0,981.0,7698243951,7849981,577,953.0,1000.0,1397-10-23
574,2019-01-14,1020.0,1021.0,970.0,984.0,1479725789,1503117,243,981.0,979.0,1397-10-24
573,2019-01-15,998.0,1000.0,968.0,984.0,1005350974,1021187,160,984.0,980.0,1397-10-25
572,2019-01-16,990.0,997.0,970.0,987.0,1683858005,1705473,212,984.0,991.0,1397-10-26
571,2019-01-19,1006.0,1028.0,961.0,993.0,4392159944,4421285,448,987.0,997.0,1397-10-29
570,2019-01-20,1001.0,1019.0,972.0,980.0,745292129,760407,104,993.0,981.0,1397-10-30
569,2019-01-21,968.0,968.0,937.0,945.0,918436722,971902,139,980.0,945.0,1397-11-01
568,2019-01-22,938.0,980.0,935.0,957.0,1290159165,1348470,168,945.0,973.0,1397-11-02
567,2019-01-23,988.0,988.0,941.0,976.0,1567259254,1605840,245,957.0,987.0,1397-11-03
566,2019-01-26,996.0,1024.0,990.0,1009.0,3209722331,3182331,381,976.0,1020.0,1397-11-06
565,2019-01-27,1021.0,1022.0,979.0,1000.0,1462675612,1463032,218,1009.0,997.0,1397-11-07
564,2019-01-28,1010.0,1020.0,973.0,983.0,417883459,424896,97,1000.0,973.0,1397-11-08
563,2019-01-29,974.0,1032.0,974.0,1024.0,8537063081,8337492,633,983.0,1032.0,1397-11-09
562,2019-01-30,1034.0,1075.0,1032.0,1071.0,13836812863,12918795,785,1024.0,1075.0,1397-11-10
561,2019-02-02,1090.0,1109.0,1034.0,1063.0,4608337804,4334006,465,1071.0,1040.0,1397-11-13
560,2019-02-03,1049.0,1049.0,1010.0,1014.0,1878773399,1852862,202,1063.0,1010.0,1397-11-14
559,2019-02-04,980.0,1044.0,965.0,993.0,2521216287,2539688,305,1014.0,971.0,1397-11-15
558,2019-02-05,990.0,1010.0,961.0,977.0,2916414848,2986138,370,993.0,990.0,1397-11-16
557,2019-02-06,980.0,1006.0,980.0,988.0,2713515954,2747538,289,977.0,994.0,1397-11-17
556,2019-02-10,999.0,1005.0,970.0,990.0,1504343492,1519412,246,988.0,980.0,1397-11-21
555,2019-02-12,980.0,993.0,961.0,974.0,2065395172,2120017,289,990.0,991.0,1397-11-23
554,2019-02-13,970.0,1022.0,970.0,1010.0,1746532684,1729237,156,974.0,1022.0,1397-11-24
553,2019-02-16,1060.0,1060.0,1040.0,1059.0,11268474196,10640296,676,1010.0,1060.0,1397-11-27
552,2019-02-17,1059.0,1059.0,1007.0,1011.0,3327137721,3292050,348,1059.0,1008.0,1397-11-28
551,2019-02-18,1004.0,1057.0,1000.0,1033.0,3284705698,3181251,329,1011.0,1051.0,1397-11-29
550,2019-02-19,1051.0,1051.0,1000.0,1010.0,2385162501,2361450,274,1033.0,1000.0,1397-11-30
549,2019-02-20,1017.0,1030.0,982.0,998.0,3216171152,3221712,387,1010.0,1010.0,1397-12-01
548,2019-02-23,1019.0,1027.0,980.0,989.0,4155504148,4199834,424,998.0,993.0,1397-12-04
547,2019-02-24,1000.0,1014.0,970.0,992.0,1101539070,1110742,179,989.0,970.0,1397-12-05
546,2019-02-25,992.0,1028.0,980.0,1002.0,2544703505,2539816,227,992.0,995.0,1397-12-06
545,2019-02-26,981.0,1018.0,980.0,1001.0,2587671226,2585327,257,1002.0,1002.0,1397-12-07
544,2019-02-27,1001.0,1051.0,1000.0,1037.0,13512911067,13030236,1021,1001.0,1051.0,1397-12-08
543,2019-03-02,1060.0,1088.0,1045.0,1081.0,16985021917,15718555,1434,1037.0,1086.0,1397-12-11
542,2019-03-03,1100.0,1100.0,1034.0,1064.0,4655519182,4377162,433,1081.0,1045.0,1397-12-12
541,2019-03-04,1057.0,1069.0,1029.0,1048.0,3343679788,3190877,372,1064.0,1050.0,1397-12-13
540,2019-03-05,1067.0,1088.0,1040.0,1073.0,2660349004,2478514,297,1048.0,1055.0,1397-12-14
539,2019-03-06,1070.0,1078.0,1039.0,1053.0,1550952636,1473311,207,1073.0,1059.0,1397-12-15
538,2019-03-09,1060.0,1062.0,1020.0,1039.0,2030665397,1953584,200,1053.0,1040.0,1397-12-18
537,2019-03-10,1050.0,1051.0,1020.0,1029.0,1213682603,1179986,174,1039.0,1024.0,1397-12-19
536,2019-03-11,1043.0,1043.0,1012.0,1025.0,1341841677,1308923,181,1029.0,1024.0,1397-12-20
535,2019-03-12,1025.0,1053.0,1012.0,1027.0,2282304459,2222187,198,1025.0,1020.0,1397-12-21
534,2019-03-13,1006.0,1020.0,990.0,1008.0,7545842186,7485170,740,1027.0,1002.0,1397-12-22
533,2019-03-16,1020.0,1048.0,1000.0,1028.0,1662112045,1617606,214,1008.0,1030.0,1397-12-25
532,2019-03-17,1030.0,1049.0,1028.0,1035.0,918433276,887104,143,1028.0,1040.0,1397-12-26
531,2019-03-18,1045.0,1045.0,1006.0,1019.0,1794417275,1761431,238,1035.0,1022.0,1397-12-27
530,2019-03-19,1036.0,1052.0,1008.0,1028.0,4629046179,4502487,397,1019.0,1023.0,1397-12-28
529,2019-03-25,1045.0,1053.0,1022.0,1035.0,827757077,799547,106,1028.0,1040.0,1398-01-05
528,2019-03-26,1037.0,1085.0,1017.0,1060.0,7389082408,6969916,507,1035.0,1084.0,1398-01-06
527,2019-03-27,1053.0,1113.0,1053.0,1104.0,10611961786,9615723,770,1060.0,1113.0,1398-01-07
526,2019-03-30,1119.0,1159.0,1119.0,1156.0,10929722937,9458000,892,1104.0,1159.0,1398-01-10
525,2019-03-31,1160.0,1179.0,1105.0,1136.0,5589148477,4919745,470,1156.0,1156.0,1398-01-11
524,2019-04-06,1188.0,1192.0,1160.0,1189.0,4274732753,3594255,273,1136.0,1192.0,1398-01-17
523,2019-04-07,1220.0,1239.0,1143.0,1187.0,7398636485,6234598,749,1189.0,1166.0,1398-01-18
522,2019-04-08,1154.0,1181.0,1140.0,1164.0,3525421420,3027804,290,1187.0,1179.0,1398-01-19
521,2019-04-09,1156.0,1200.0,1141.0,1175.0,4775734421,4065111,365,1164.0,1170.0,1398-01-20
520,2019-04-10,1191.0,1229.0,1182.0,1207.0,3115731189,2581240,302,1175.0,1195.0,1398-01-21
519,2019-04-13,1209.0,1209.0,1170.0,1185.0,5899885625,4979232,538,1207.0,1184.0,1398-01-24
518,2019-04-14,1194.0,1244.0,1167.0,1227.0,8726587771,7110507,646,1185.0,1244.0,1398-01-25
517,2019-04-15,1255.0,1285.0,1215.0,1251.0,3413324446,2727537,340,1227.0,1248.0,1398-01-26
516,2019-04-16,1240.0,1300.0,1213.0,1270.0,11571165955,9111679,892,1251.0,1230.0,1398-01-27
515,2019-04-17,1227.0,1330.0,1209.0,1283.0,7386933324,5758773,579,1270.0,1327.0,1398-01-28
514,2019-04-20,1347.0,1347.0,1327.0,1346.0,12197941690,9061182,714,1283.0,1347.0,1398-01-31
513,2019-04-22,1390.0,1413.0,1279.0,1388.0,41411395902,29826166,1797,1346.0,1413.0,1398-02-02
512,2019-04-23,1457.0,1457.0,1414.0,1457.0,50928001205,34961306,1882,1388.0,1457.0,1398-02-03
511,2019-04-24,1450.0,1519.0,1420.0,1480.0,20523022092,13863681,1315,1457.0,1441.0,1398-02-04
510,2019-04-27,1470.0,1554.0,1451.0,1534.0,40089648577,26129306,1880,1480.0,1554.0,1398-02-07
509,2019-04-28,1609.0,1610.0,1461.0,1561.0,22633946174,14500874,1339,1534.0,1610.0,1398-02-08
508,2019-04-29,1639.0,1639.0,1590.0,1637.0,46011294699,28099406,1560,1561.0,1639.0,1398-02-09
507,2019-04-30,1650.0,1690.0,1556.0,1625.0,24058285430,14805414,1455,1637.0,1578.0,1398-02-10
506,2019-05-01,1590.0,1706.0,1580.0,1674.0,20628118558,12321016,1194,1625.0,1666.0,1398-02-11
505,2019-05-04,1700.0,1755.0,1645.0,1700.0,23451101272,13797723,1390,1674.0,1652.0,1398-02-14
504,2019-05-05,1662.0,1700.0,1615.0,1631.0,31947050001,19589491,1623,1700.0,1616.0,1398-02-15
503,2019-05-06,1550.0,1550.0,1473.0,1492.0,12234259789,8200982,669,1631.0,1509.0,1398-02-16
502,2019-05-07,1435.0,1498.0,1418.0,1445.0,24627302651,17043500,1274,1492.0,1489.0,1398-02-17
501,2019-05-08,1510.0,1517.0,1451.0,1506.0,18102528576,12018359,1096,1445.0,1517.0,1398-02-18
500,2019-05-11,1579.0,1581.0,1510.0,1570.0,29537004189,18812244,1385,1506.0,1578.0,1398-02-21
499,2019-05-12,1592.0,1610.0,1492.0,1514.0,9911177543,6546311,673,1570.0,1530.0,1398-02-22
498,2019-05-13,1550.0,1589.0,1483.0,1546.0,7507415669,4856453,479,1514.0,1554.0,1398-02-23
497,2019-05-14,1569.0,1588.0,1500.0,1550.0,8967589361,5786346,657,1546.0,1546.0,1398-02-24
496,2019-05-15,1549.0,1549.0,1473.0,1496.0,9439409887,6311740,690,1550.0,1486.0,1398-02-25
495,2019-05-18,1549.0,1570.0,1516.0,1565.0,9801747854,6263572,549,1496.0,1570.0,1398-02-28
494,2019-05-19,1600.0,1643.0,1600.0,1635.0,19996427326,12231179,1193,1565.0,1643.0,1398-02-29
493,2019-05-20,1650.0,1650.0,1554.0,1568.0,7056251692,4500582,566,1635.0,1564.0,1398-02-30
492,2019-05-21,1597.0,1625.0,1522.0,1565.0,5639539890,3602421,510,1568.0,1549.0,1398-02-31
491,2019-05-22,1596.0,1596.0,1505.0,1531.0,5172351298,3377694,493,1565.0,1552.0,1398-03-01
490,2019-05-25,1550.0,1600.0,1521.0,1582.0,5238370921,3310437,435,1531.0,1583.0,1398-03-04
489,2019-05-26,1580.0,1661.0,1580.0,1650.0,14112620677,8551103,975,1582.0,1661.0,1398-03-05
488,2019-05-28,1651.0,1732.0,1651.0,1714.0,14405961993,8403898,906,1650.0,1720.0,1398-03-07
487,2019-05-29,1716.0,1730.0,1629.0,1636.0,13443668598,8214956,918,1714.0,1629.0,1398-03-08
486,2019-06-01,1579.0,1658.0,1567.0,1604.0,5592661300,3487617,496,1636.0,1605.0,1398-03-11
485,2019-06-02,1605.0,1654.0,1605.0,1642.0,7459932191,4543244,471,1604.0,1651.0,1398-03-12
484,2019-06-03,1660.0,1688.0,1612.0,1652.0,9444398930,5715523,722,1642.0,1643.0,1398-03-13
483,2019-06-08,1615.0,1699.0,1608.0,1669.0,10543811810,6318143,727,1652.0,1670.0,1398-03-18
482,2019-06-09,1700.0,1752.0,1700.0,1748.0,16488315627,9434647,755,1669.0,1752.0,1398-03-19
481,2019-06-10,1800.0,1800.0,1702.0,1749.0,17093738596,9775851,1078,1748.0,1740.0,1398-03-20
480,2019-06-11,1759.0,1836.0,1730.0,1826.0,13482168881,7383638,717,1749.0,1836.0,1398-03-21
479,2019-06-12,1917.0,1917.0,1800.0,1888.0,17572827272,9305660,835,1826.0,1870.0,1398-03-22
478,2019-06-15,1794.0,1888.0,1794.0,1818.0,8746031113,4811092,529,1888.0,1794.0,1398-03-25
477,2019-06-16,1799.0,1819.0,1728.0,1742.0,13642766814,7833752,765,1818.0,1728.0,1398-03-26
476,2019-06-17,1727.0,1727.0,1655.0,1678.0,8654992443,5158357,697,1742.0,1673.0,1398-03-27
475,2019-06-18,1633.0,1730.0,1597.0,1654.0,8314071272,5025700,636,1678.0,1619.0,1398-03-28
474,2019-06-19,1691.0,1691.0,1572.0,1596.0,5486284684,3437593,443,1654.0,1575.0,1398-03-29
473,2019-06-22,1530.0,1591.0,1517.0,1522.0,9212735377,6054445,668,1596.0,1520.0,1398-04-01
472,2019-06-23,1560.0,1590.0,1521.0,1573.0,4471018738,2841883,400,1522.0,1582.0,1398-04-02
471,2019-06-24,1599.0,1647.0,1598.0,1621.0,3760156988,2319150,356,1573.0,1615.0,1398-04-03
470,2019-06-25,1605.0,1673.0,1561.0,1610.0,4870772513,3024405,378,1621.0,1619.0,1398-04-04
469,2019-06-26,1647.0,1673.0,1615.0,1639.0,4743960008,2894080,366,1610.0,1626.0,1398-04-05
468,2019-06-30,1667.0,1667.0,1570.0,1598.0,5993332367,3750611,456,1639.0,1585.0,1398-04-09
467,2019-07-01,1585.0,1659.0,1559.0,1603.0,6733367515,4201203,488,1598.0,1648.0,1398-04-10
466,2019-07-02,1658.0,1683.0,1650.0,1681.0,12245227538,7286566,709,1603.0,1673.0,1398-04-11
465,2019-07-03,1685.0,1734.0,1656.0,1688.0,8125223072,4814224,512,1681.0,1674.0,1398-04-12
464,2019-07-06,1698.0,1710.0,1604.0,1660.0,8429285104,5078964,452,1688.0,1663.0,1398-04-15
463,2019-07-07,1680.0,1727.0,1612.0,1687.0,9189797900,5447027,539,1660.0,1727.0,1398-04-16
462,2019-07-08,1740.0,1771.0,1712.0,1741.0,6325606288,3633619,420,1687.0,1730.0,1398-04-17
461,2019-07-09,1735.0,1735.0,1678.0,1687.0,5114540942,3032303,360,1741.0,1692.0,1398-04-18
460,2019-07-10,1730.0,1730.0,1675.0,1707.0,4690635252,2747963,420,1687.0,1700.0,1398-04-19
459,2019-07-13,1720.0,1720.0,1622.0,1656.0,6895047217,4164002,574,1707.0,1678.0,1398-04-22
458,2019-07-14,1695.0,1695.0,1640.0,1662.0,3212998350,1932679,272,1656.0,1650.0,1398-04-23
457,2019-07-15,1689.0,1689.0,1579.0,1609.0,5121090249,3182369,371,1662.0,1581.0,1398-04-24
456,2019-07-16,1574.0,1575.0,1529.0,1532.0,1656901733,1081415,181,1609.0,1529.0,1398-04-25
455,2019-07-17,1457.0,1599.0,1456.0,1516.0,11666553756,7694382,834,1532.0,1509.0,1398-04-26
454,2019-07-20,1580.0,1580.0,1470.0,1537.0,3278357087,2133148,361,1516.0,1480.0,1398-04-29
453,2019-07-21,1520.0,1555.0,1482.0,1525.0,3815374063,2502592,339,1537.0,1530.0,1398-04-30
452,2019-07-22,1524.0,1549.0,1470.0,1491.0,4774084942,3202553,509,1525.0,1479.0,1398-04-31
451,2019-07-23,1523.0,1523.0,1417.0,1423.0,12109084055,8506560,813,1491.0,1417.0,1398-05-01
450,2019-07-24,1390.0,1466.0,1390.0,1446.0,4194304135,2899747,320,1423.0,1460.0,1398-05-02
449,2019-07-27,1486.0,1486.0,1383.0,1420.0,3718878785,2618892,382,1446.0,1420.0,1398-05-05
448,2019-07-28,1440.0,1440.0,1398.0,1413.0,3118641624,2206939,324,1420.0,1419.0,1398-05-06
447,2019-07-29,1429.0,1468.0,1429.0,1446.0,4523166884,3127824,412,1413.0,1448.0,1398-05-07
446,2019-07-30,1470.0,1518.0,1415.0,1492.0,4601783387,3083478,431,1446.0,1489.0,1398-05-08
445,2019-07-31,1492.0,1533.0,1480.0,1500.0,2238050115,1491655,247,1492.0,1505.0,1398-05-09
444,2019-08-03,1520.0,1550.0,1501.0,1525.0,3522982868,2309985,290,1500.0,1520.0,1398-05-12
443,2019-08-04,1540.0,1540.0,1490.0,1505.0,4845715803,3219141,377,1525.0,1511.0,1398-05-13
442,2019-08-05,1524.0,1558.0,1500.0,1527.0,4295568693,2812362,402,1505.0,1540.0,1398-05-14
441,2019-08-06,1555.0,1555.0,1481.0,1502.0,3462798191,2304713,303,1527.0,1520.0,1398-05-15
440,2019-08-07,1492.0,1545.0,1492.0,1520.0,7367570603,4848482,472,1502.0,1545.0,1398-05-16
439,2019-08-10,1542.0,1588.0,1516.0,1565.0,6117009523,3908361,526,1520.0,1573.0,1398-05-19
438,2019-08-11,1570.0,1643.0,1515.0,1617.0,14906892383,9219533,814,1565.0,1643.0,1398-05-20
437,2019-08-13,1697.0,1697.0,1697.0,1697.0,806843741,475453,51,1617.0,1697.0,1398-05-22
436,2019-08-14,1781.0,1781.0,1701.0,1776.0,58156709078,32744303,2144,1697.0,1781.0,1398-05-23
435,2019-08-17,1778.0,1804.0,1722.0,1770.0,19131688339,10810129,1169,1776.0,1768.0,1398-05-26
434,2019-08-18,1749.0,1858.0,1727.0,1839.0,22568419486,12271983,1123,1770.0,1858.0,1398-05-27
433,2019-08-19,1858.0,1930.0,1858.0,1909.0,18896374257,9899351,1056,1839.0,1921.0,1398-05-28
432,2019-08-21,1968.0,2004.0,1922.0,1995.0,14804278295,7419688,696,1909.0,2004.0,1398-05-30
431,2019-08-24,2084.0,2094.0,2000.0,2067.0,23390635366,11315927,1030,1995.0,2000.0,1398-06-02
430,2019-08-25,2039.0,2039.0,1964.0,1975.0,30470185629,15426483,1470,2067.0,1999.0,1398-06-03
429,2019-08-26,2020.0,2069.0,1987.0,2025.0,15797161798,7802882,765,1975.0,2010.0,1398-06-04
428,2019-08-27,2060.0,2123.0,1930.0,2046.0,22274487167,10888884,1046,2025.0,1956.0,1398-06-05
427,2019-08-28,1989.0,1993.0,1944.0,1956.0,12808594214,6547993,665,2046.0,1957.0,1398-06-06
426,2019-08-31,1990.0,2039.0,1859.0,1905.0,18448250637,9685386,944,1956.0,1859.0,1398-06-09
425,2019-09-01,1824.0,2000.0,1824.0,1948.0,12796736629,6568511,850,1905.0,1966.0,1398-06-10
424,2019-09-02,1990.0,2000.0,1851.0,1884.0,8348003218,4431000,462,1948.0,1851.0,1398-06-11
423,2019-09-03,1796.0,1879.0,1796.0,1825.0,14055458652,7699955,713,1884.0,1849.0,1398-06-12
422,2019-09-04,1879.0,1913.0,1854.0,1891.0,7524497701,3978918,498,1825.0,1861.0,1398-06-13
421,2019-09-07,1916.0,1985.0,1890.0,1966.0,25173750459,12802239,978,1891.0,1985.0,1398-06-16
420,2019-09-08,2007.0,2064.0,2002.0,2053.0,35246425774,17167240,1690,1966.0,2064.0,1398-06-17
419,2019-09-11,2155.0,2155.0,2150.0,2155.0,7004188725,3250405,291,2053.0,2155.0,1398-06-20
418,2019-09-14,2222.0,2222.0,2084.0,2155.0,21264074446,9867401,1203,2155.0,2120.0,1398-06-23
417,2019-09-15,2120.0,2120.0,2051.0,2076.0,16598419469,7995343,988,2155.0,2060.0,1398-06-24
416,2019-09-16,2089.0,2140.0,2051.0,2095.0,12648080259,6038307,673,2076.0,2060.0,1398-06-25
415,2019-09-17,2080.0,2128.0,1991.0,2013.0,13428400203,6672082,795,2095.0,1991.0,1398-06-26
414,2019-09-18,1935.0,1962.0,1913.0,1917.0,11910223551,6212316,670,2013.0,1913.0,1398-06-27
413,2019-09-21,1950.0,2011.0,1912.0,1992.0,10313739395,5177762,693,1917.0,1980.0,1398-06-30
412,2019-09-22,2031.0,2068.0,2000.0,2039.0,12384582002,6072472,701,1992.0,2050.0,1398-06-31
411,2019-09-23,2080.0,2129.0,1971.0,2048.0,11730748174,5727384,676,2039.0,1991.0,1398-07-01
410,2019-09-24,2032.0,2039.0,1946.0,1975.0,16780101089,8494156,887,2048.0,1954.0,1398-07-02
409,2019-09-25,1953.0,2050.0,1947.0,2008.0,17254214117,8590724,999,1975.0,2045.0,1398-07-03
408,2019-09-28,2051.0,2108.0,2051.0,2105.0,29099210349,13826345,1191,2008.0,2108.0,1398-07-06
407,2019-09-29,2150.0,2190.0,2070.0,2123.0,17263148542,8131778,843,2105.0,2167.0,1398-07-07
406,2019-09-30,2176.0,2229.0,2151.0,2220.0,6284590384,2830560,280,2123.0,2229.0,1398-07-08
405,2019-10-01,2331.0,2331.0,2221.0,2319.0,39901453440,17203024,1048,2220.0,2292.0,1398-07-09
404,2019-10-02,2350.0,2434.0,2300.0,2410.0,35985929470,14934835,1162,2319.0,2434.0,1398-07-10
403,2019-10-05,2530.0,2530.0,2530.0,2530.0,2022818490,799533,119,2410.0,2530.0,1398-07-13
402,2019-10-06,2656.0,2656.0,2540.0,2654.0,79661516300,30020685,1926,2530.0,2656.0,1398-07-14
401,2019-10-07,2786.0,2786.0,2670.0,2782.0,79167230065,28461281,1931,2654.0,2786.0,1398-07-15
400,2019-10-08,2750.0,2850.0,2643.0,2746.0,42392588122,15437563,1469,2782.0,2643.0,1398-07-16
399,2019-10-09,2609.0,2699.0,2609.0,2614.0,39585354043,15144719,1119,2746.0,2646.0,1398-07-17
398,2019-10-12,2650.0,2699.0,2484.0,2532.0,40230042807,15887811,1444,2614.0,2500.0,1398-07-20
397,2019-10-13,2463.0,2495.0,2406.0,2419.0,25338159064,10476075,908,2532.0,2406.0,1398-07-21
396,2019-10-14,2349.0,2349.0,2299.0,2301.0,2945885275,1280377,191,2419.0,2299.0,1398-07-22
395,2019-10-15,2191.0,2257.0,2186.0,2193.0,2549082018,1162431,94,2301.0,2186.0,1398-07-23
394,2019-10-16,2084.0,2186.0,2084.0,2086.0,21055563915,10094783,759,2193.0,2084.0,1398-07-24
393,2019-10-20,2011.0,2080.0,1982.0,1994.0,2986639627,1498131,129,2086.0,1982.0,1398-07-28
392,2019-10-21,1895.0,1969.0,1895.0,1898.0,15222878030,8022039,656,1994.0,1917.0,1398-07-29
391,2019-10-22,1959.0,1992.0,1804.0,1954.0,25164053430,12879648,999,1898.0,1879.0,1398-07-30
390,2019-10-23,1900.0,1900.0,1857.0,1859.0,6837312061,3677888,351,1954.0,1857.0,1398-08-01
389,2019-10-26,1804.0,1883.0,1767.0,1822.0,4783650058,2626192,412,1859.0,1879.0,1398-08-04
388,2019-10-28,1889.0,1913.0,1889.0,1912.0,2238746806,1170652,124,1822.0,1913.0,1398-08-06
387,2019-10-30,2007.0,2007.0,2000.0,2007.0,5124024410,2553600,209,1912.0,2007.0,1398-08-08
386,2019-11-02,2078.0,2107.0,2044.0,2099.0,23686208111,11284824,959,2007.0,2107.0,1398-08-11
385,2019-11-03,2137.0,2203.0,2125.0,2188.0,23731316931,10845046,1298,2099.0,2136.0,1398-08-12
384,2019-11-04,2160.0,2198.0,2079.0,2089.0,9938982755,4757495,781,2188.0,2079.0,1398-08-13
383,2019-11-05,2079.0,2169.0,2031.0,2103.0,5724402735,2721450,550,2089.0,2105.0,1398-08-14
382,2019-11-09,2170.0,2179.0,1998.0,2036.0,7382363209,3625058,525,2103.0,2037.0,1398-08-18
381,2019-11-10,2040.0,2085.0,1960.0,2022.0,4921824314,2433635,450,2036.0,2042.0,1398-08-19
380,2019-11-11,2074.0,2123.0,2037.0,2111.0,18048145660,8549500,972,2022.0,2123.0,1398-08-20
379,2019-11-12,2170.0,2216.0,2140.0,2200.0,12032197410,5468528,649,2111.0,2216.0,1398-08-21
378,2019-11-13,2270.0,2270.0,2160.0,2193.0,5396610502,2460543,529,2200.0,2170.0,1398-08-22
377,2019-11-16,2175.0,2238.0,2100.0,2142.0,8423555674,3932981,469,2193.0,2100.0,1398-08-25
376,2019-11-17,2035.0,2077.0,2035.0,2037.0,3280326917,1610715,375,2142.0,2035.0,1398-08-26
375,2019-11-18,1952.0,2100.0,1951.0,2025.0,3325217674,1641702,346,2037.0,2038.0,1398-08-27
374,2019-11-19,2025.0,2126.0,2025.0,2119.0,3796300428,1791205,268,2025.0,2126.0,1398-08-28
373,2019-11-20,2210.0,2210.0,2100.0,2171.0,6351137175,2925244,445,2119.0,2180.0,1398-08-29
372,2019-11-23,2131.0,2199.0,2077.0,2142.0,7133302442,3330620,545,2171.0,2140.0,1398-09-02
371,2019-11-24,2160.0,2249.0,2130.0,2222.0,17527416813,7888136,926,2142.0,2249.0,1398-09-03
370,2019-11-25,2231.0,2333.0,2231.0,2311.0,14929375152,6461422,687,2222.0,2333.0,1398-09-04
369,2019-11-26,2388.0,2388.0,2240.0,2288.0,12261862446,5360046,656,2311.0,2300.0,1398-09-05
368,2019-11-27,2206.0,2298.0,2206.0,2246.0,8973026499,3994905,545,2288.0,2289.0,1398-09-06
367,2019-11-30,2291.0,2355.0,2250.0,2304.0,13789927352,5985089,544,2246.0,2337.0,1398-09-09
366,2019-12-01,2330.0,2353.0,2231.0,2292.0,11315651289,4937108,528,2304.0,2285.0,1398-09-10
365,2019-12-02,2320.0,2321.0,2221.0,2263.0,13862402078,6124820,548,2292.0,2245.0,1398-09-11
364,2019-12-03,2289.0,2331.0,2231.0,2286.0,12999341181,5686510,512,2263.0,2288.0,1398-09-12
363,2019-12-04,2280.0,2330.0,2245.0,2276.0,18456255042,8108696,788,2286.0,2300.0,1398-09-13
362,2019-12-07,2331.0,2389.0,2300.0,2375.0,25220481707,10617344,1046,2276.0,2389.0,1398-09-16
361,2019-12-08,2402.0,2493.0,2325.0,2477.0,18996133862,7669858,857,2375.0,2493.0,1398-09-17
360,2019-12-09,2500.0,2579.0,2425.0,2501.0,30664016775,12261803,1158,2477.0,2480.0,1398-09-18
359,2019-12-10,2501.0,2501.0,2376.0,2421.0,37832883259,15625438,1411,2501.0,2376.0,1398-09-19
358,2019-12-11,2398.0,2426.0,2320.0,2371.0,10254122498,4325531,512,2421.0,2380.0,1398-09-20
357,2019-12-14,2427.0,2469.0,2318.0,2412.0,12408847487,5144497,600,2371.0,2410.0,1398-09-23
356,2019-12-15,2500.0,2500.0,2362.0,2444.0,18650384134,7631316,881,2412.0,2455.0,1398-09-24
355,2019-12-16,2452.0,2566.0,2400.0,2514.0,42518929353,16915996,1466,2444.0,2566.0,1398-09-25
354,2019-12-17,2639.0,2639.0,2568.0,2637.0,31182305730,11824645,1055,2514.0,2639.0,1398-09-26
353,2019-12-18,2634.0,2768.0,2552.0,2727.0,53010526807,19437258,1752,2637.0,2768.0,1398-09-27
352,2019-12-21,2805.0,2863.0,2660.0,2819.0,53509183342,18980723,1847,2727.0,2863.0,1398-09-30
351,2019-12-22,2875.0,2959.0,2875.0,2952.0,51461653213,17430939,1453,2819.0,2959.0,1398-10-01
350,2019-12-23,2950.0,3046.0,2805.0,2866.0,57907966587,20205062,2009,2952.0,2805.0,1398-10-02
349,2019-12-29,2870.0,3013.0,2870.0,2969.0,15095999996,5084387,333,2863.0,3013.0,1398-10-08
348,2019-12-30,3117.0,3117.0,3117.0,3117.0,8030364504,2576312,167,2969.0,3117.0,1398-10-09
347,2019-12-31,3272.0,3272.0,3202.0,3272.0,91509313007,27971408,1683,3117.0,3272.0,1398-10-10
346,2020-01-01,3435.0,3435.0,3435.0,3435.0,56403788895,16420317,830,3272.0,3435.0,1398-10-11
345,2020-01-04,3264.0,3398.0,3264.0,3270.0,48461523048,14818886,1006,3435.0,3281.0,1398-10-14
344,2020-01-05,3433.0,3433.0,3164.0,3370.0,100943489554,29953807,2537,3270.0,3319.0,1398-10-15
343,2020-01-07,3210.0,3428.0,3202.0,3238.0,16610376742,5129867,448,3370.0,3202.0,1398-10-17
342,2020-01-08,3174.0,3290.0,3174.0,3195.0,76786448131,24035786,1568,3238.0,3249.0,1398-10-18
341,2020-01-11,3258.0,3258.0,3258.0,3258.0,380817846,116887,33,3195.0,3258.0,1398-10-21
340,2020-01-12,3420.0,3420.0,3420.0,3420.0,646615980,189069,44,3258.0,3420.0,1398-10-22
339,2020-01-13,3591.0,3591.0,3591.0,3591.0,6427401624,1789864,119,3420.0,3591.0,1398-10-23
338,2020-01-14,3770.0,3770.0,3412.0,3714.0,156505257736,42140275,3411,3591.0,3698.0,1398-10-24
337,2020-01-15,3566.0,3800.0,3529.0,3663.0,51532663005,14070013,1611,3714.0,3666.0,1398-10-25
336,2020-01-18,3788.0,3846.0,3485.0,3825.0,102016004300,26670630,2178,3663.0,3846.0,1398-10-28
335,2020-01-19,4016.0,4016.0,3913.0,4015.0,21742134139,5415221,418,3825.0,4016.0,1398-10-29
334,2020-01-20,4215.0,4215.0,4215.0,4215.0,9731069340,2308676,170,4015.0,4215.0,1398-10-30
333,2020-01-21,4425.0,4425.0,4225.0,4422.0,109149548032,24683329,1748,4215.0,4425.0,1398-11-01
332,2020-01-22,4590.0,4643.0,4590.0,4639.0,39737264494,8565417,674,4422.0,4643.0,1398-11-02
331,2020-01-25,4870.0,4870.0,4870.0,4870.0,7505385890,1541147,167,4639.0,4870.0,1398-11-05
330,2020-01-26,5113.0,5113.0,5110.0,5113.0,25006359923,4890922,337,4870.0,5113.0,1398-11-06
329,2020-02-01,5368.0,5600.0,5100.0,5239.0,113365379258,21638921,2233,5113.0,5373.0,1398-11-12
328,2020-02-02,5300.0,5500.0,4978.0,5435.0,120380939049,22147362,2062,5239.0,5500.0,1398-11-13
327,2020-02-03,5706.0,5706.0,5611.0,5701.0,63376700134,11116041,1272,5435.0,5706.0,1398-11-14
326,2020-02-04,5889.0,5889.0,5416.0,5461.0,65660894646,12023787,1664,5701.0,5416.0,1398-11-15
325,2020-02-05,5250.0,5499.0,5188.0,5204.0,102732000767,19740052,2082,5461.0,5188.0,1398-11-16
324,2020-02-08,5030.0,5400.0,4952.0,5201.0,105537227911,20289942,2570,5204.0,5366.0,1398-11-19
323,2020-02-09,5455.0,5461.0,5201.0,5399.0,54305813421,10059076,1583,5201.0,5388.0,1398-11-20
322,2020-02-10,5459.0,5459.0,5130.0,5259.0,44673646857,8495069,1100,5399.0,5251.0,1398-11-21
321,2020-02-12,5444.0,5519.0,5054.0,5413.0,48603426454,8978559,1080,5259.0,5470.0,1398-11-23
320,2020-02-15,5410.0,5680.0,5227.0,5492.0,50660074373,9223577,1119,5413.0,5600.0,1398-11-26
319,2020-02-16,5566.0,5766.0,5500.0,5754.0,30365936538,5277664,877,5492.0,5766.0,1398-11-27
318,2020-02-17,5887.0,5980.0,5467.0,5597.0,39440034053,7046436,1013,5754.0,5497.0,1398-11-28
317,2020-02-18,5320.0,5500.0,5318.0,5323.0,73892233039,13882280,1256,5597.0,5318.0,1398-11-29
316,2020-02-19,5210.0,5500.0,5189.0,5362.0,36157419668,6742968,1081,5323.0,5200.0,1398-11-30
315,2020-02-22,5094.0,5489.0,5094.0,5354.0,27951255880,5220512,798,5362.0,5475.0,1398-12-03
314,2020-02-23,5480.0,5621.0,5475.0,5615.0,49413071276,8800086,1018,5354.0,5621.0,1398-12-04
313,2020-02-24,5890.0,5895.0,5621.0,5876.0,36289183339,6175619,654,5615.0,5895.0,1398-12-05
312,2020-02-25,6158.0,6169.0,5989.0,6164.0,43248856452,7015925,884,5876.0,6169.0,1398-12-06
311,2020-02-26,6472.0,6472.0,6001.0,6299.0,55908226627,8876260,1314,6164.0,6300.0,1398-12-07
310,2020-02-29,5985.0,6299.0,5985.0,6024.0,57632872440,9566449,1310,6299.0,6091.0,1398-12-10
309,2020-03-01,6200.0,6325.0,6025.0,6295.0,35415882079,5626338,638,6024.0,6325.0,1398-12-11
308,2020-03-02,6609.0,6609.0,6550.0,6597.0,50413945156,7628364,1072,6295.0,6609.0,1398-12-12
307,2020-03-03,6926.0,6926.0,6505.0,6924.0,59499941749,8592799,1299,6597.0,6926.0,1398-12-13
306,2020-03-04,7268.0,7268.0,6578.0,6875.0,81593613145,11868102,1828,6924.0,6750.0,1398-12-14
305,2020-03-07,6607.0,6749.0,6532.0,6647.0,32614550778,4984820,944,6875.0,6532.0,1398-12-17
304,2020-03-16,5940.0,5940.0,5643.0,5672.0,71725942391,12645722,1177,5235.0,5643.0,1398-12-26
303,2020-03-17,5705.0,5705.0,5389.0,5534.0,27189474988,5025662,643,5672.0,5389.0,1398-12-27
302,2020-03-18,5258.0,5550.0,5258.0,5352.0,40341634413,7604580,1063,5534.0,5528.0,1398-12-28
301,2020-03-24,5497.0,5497.0,5085.0,5246.0,39402253890,7547608,1174,5352.0,5153.0,1399-01-05
300,2020-03-25,5111.0,5348.0,5111.0,5256.0,50222576079,9555382,1726,5246.0,5271.0,1399-01-06
299,2020-03-28,5380.0,5518.0,5235.0,5448.0,81660134850,14989422,2910,5256.0,5518.0,1399-01-09
298,2020-03-29,5651.0,5651.0,5211.0,5426.0,42297071212,7801536,2111,5448.0,5285.0,1399-01-10
297,2020-03-30,5329.0,5329.0,5155.0,5169.0,53443881858,10340127,1993,5426.0,5156.0,1399-01-11
296,2020-04-04,5305.0,5305.0,5170.0,5218.0,46497442022,8904566,1966,5169.0,5176.0,1399-01-16
295,2020-04-05,5125.0,5329.0,5084.0,5179.0,65157699785,12580188,2321,5218.0,5224.0,1399-01-17
294,2020-04-06,5299.0,5300.0,5101.0,5190.0,64544853878,12435627,1952,5179.0,5214.0,1399-01-18
293,2020-04-07,5419.0,5449.0,5250.0,5405.0,76607891324,14174003,1982,5190.0,5449.0,1399-01-19
292,2020-04-08,5675.0,5675.0,5550.0,5674.0,103621346967,18262344,1840,5405.0,5675.0,1399-01-20
291,2020-04-11,5699.0,5940.0,5400.0,5784.0,69502924110,12017240,2310,5674.0,5790.0,1399-01-23
290,2020-04-12,5800.0,5960.0,5495.0,5754.0,66219068644,11507389,2160,5784.0,5599.0,1399-01-24
289,2020-04-13,5550.0,5685.0,5467.0,5501.0,53860558964,9790372,1514,5754.0,5467.0,1399-01-25
288,2020-04-14,5226.0,5447.0,5226.0,5257.0,81758230794,15553320,2073,5501.0,5226.0,1399-01-26
287,2020-04-15,5225.0,5519.0,5204.0,5416.0,55530175081,10253268,1875,5257.0,5430.0,1399-01-27
286,2020-04-18,5686.0,5686.0,5521.0,5631.0,41849471496,7361254,1140,5416.0,5686.0,1399-01-30
285,2020-04-19,5903.0,5903.0,5350.0,5609.0,122208046874,21789488,3142,5631.0,5350.0,1399-01-31
284,2020-04-20,5490.0,5800.0,5400.0,5583.0,104393656117,18699299,2414,5609.0,5520.0,1399-02-01
283,2020-04-21,5690.0,5862.0,5482.0,5746.0,137694521398,23964199,2623,5583.0,5862.0,1399-02-02
282,2020-04-22,6033.0,6033.0,6033.0,5901.0,30074607561,4985017,504,5746.0,6033.0,1399-02-03
281,2020-04-25,6196.0,6196.0,6196.0,6017.0,20693010452,3339737,349,5901.0,6196.0,1399-02-06
280,2020-04-26,6317.0,6317.0,5717.0,6222.0,179988621222,28929609,3056,6017.0,6317.0,1399-02-07
279,2020-04-27,6490.0,6533.0,5928.0,6437.0,93672630914,14553093,2133,6222.0,6533.0,1399-02-08
278,2020-04-28,6758.0,6758.0,6500.0,6705.0,85115405090,12695228,2263,6437.0,6758.0,1399-02-09
277,2020-04-29,6900.0,7040.0,6701.0,6970.0,62972677064,9035027,1496,6705.0,7040.0,1399-02-10
276,2020-05-02,7318.0,7318.0,7318.0,7129.0,24024745188,3282966,529,6970.0,7318.0,1399-02-13
275,2020-05-03,7485.0,7485.0,7485.0,7484.0,53539404105,7152893,996,7129.0,7485.0,1399-02-14
274,2020-05-04,7484.0,7800.0,7110.0,7358.0,134736915730,18312199,3089,7484.0,7240.0,1399-02-15
273,2020-05-05,7246.0,7625.0,6991.0,7076.0,152124987129,21499112,2760,7358.0,6991.0,1399-02-16
272,2020-05-06,6723.0,6998.0,6723.0,6773.0,86243853142,12734004,2094,7076.0,6723.0,1399-02-17
271,2020-05-09,7099.0,7111.0,6920.0,7041.0,43935285566,6194320,885,6773.0,7111.0,1399-02-20
270,2020-05-10,7393.0,7393.0,7116.0,7363.0,112416108908,15266737,1753,7041.0,7393.0,1399-02-21
269,2020-05-11,7731.0,7731.0,7731.0,7645.0,43711762059,5654089,567,7363.0,7731.0,1399-02-22
268,2020-05-12,8027.0,8027.0,7264.0,7830.0,359693316704,45937193,5700,7645.0,7898.0,1399-02-23
267,2020-05-13,8108.0,8221.0,7500.0,8167.0,132887289840,16271234,1792,7830.0,8221.0,1399-02-24
266,2020-05-16,8575.0,8575.0,7795.0,8328.0,217439519337,26109165,3864,8167.0,7880.0,1399-02-27
265,2020-05-17,7912.0,8500.0,7912.0,8068.0,106099222167,13150116,1883,8328.0,7912.0,1399-02-28
264,2020-05-18,8100.0,8440.0,7665.0,7964.0,98528366822,12371950,2244,8068.0,7820.0,1399-02-29
263,2020-05-19,7964.0,7964.0,7566.0,7642.0,77784971479,10178994,1778,7964.0,7566.0,1399-02-30
262,2020-05-20,7263.0,7500.0,7260.0,7354.0,35964903961,4936680,917,7642.0,7260.0,1399-02-31
261,2020-05-23,6987.0,7721.0,6987.0,7310.0,145877659843,19954545,2768,7354.0,7050.0,1399-03-03
260,2020-05-26,7280.0,7452.0,6945.0,7144.0,28300395240,4025808,837,7310.0,6945.0,1399-03-06
259,2020-05-27,6789.0,7400.0,6787.0,6988.0,54492110179,7797622,1461,7144.0,6853.0,1399-03-07
258,2020-05-30,7004.0,7288.0,6900.0,7200.0,50796562245,7052509,1385,6988.0,7250.0,1399-03-10
257,2020-05-31,7400.0,7400.0,6840.0,6927.0,47950521649,6930936,692,7200.0,6840.0,1399-03-11
256,2020-06-01,6600.0,6900.0,6581.0,6602.0,116214632848,17601774,1733,6927.0,6660.0,1399-03-12
255,2020-06-07,6932.0,6932.0,6932.0,6604.0,239909588,34609,21,6602.0,6932.0,1399-03-18
254,2020-06-08,6934.0,6934.0,6710.0,6933.0,60775344630,8765909,649,6604.0,6934.0,1399-03-19
253,2020-06-09,7279.0,7279.0,7279.0,7257.0,51563526125,7083875,539,6933.0,7279.0,1399-03-20
252,2020-06-10,7619.0,7619.0,7619.0,7408.0,24106592190,3164010,536,7257.0,7619.0,1399-03-21
251,2020-06-13,7778.0,7778.0,7778.0,7635.0,32223958436,4142962,461,7408.0,7778.0,1399-03-24
250,2020-06-14,7778.0,7778.0,7254.0,7409.0,121869653464,16449176,2370,7635.0,7324.0,1399-03-25
249,2020-06-15,7443.0,7750.0,7050.0,7498.0,91822070545,12246061,1973,7409.0,7510.0,1399-03-26
248,2020-06-16,7680.0,7680.0,7381.0,7534.0,128802395380,17097141,2602,7498.0,7550.0,1399-03-27
247,2020-06-20,7699.0,7910.0,7160.0,7688.0,176050637089,22898002,3185,7534.0,7910.0,1399-03-31
246,2020-06-21,8072.0,8072.0,7824.0,8046.0,145788490323,18119097,2347,7688.0,8001.0,1399-04-01
245,2020-06-22,8000.0,8400.0,7670.0,8145.0,131180253455,16105350,2137,8046.0,8350.0,1399-04-02
244,2020-06-23,8440.0,8552.0,7910.0,8428.0,111502381667,13230693,1754,8145.0,8000.0,1399-04-03
243,2020-06-24,8110.0,8849.0,8110.0,8708.0,74286685298,8530496,1198,8428.0,8849.0,1399-04-04
242,2020-06-27,9143.0,9143.0,9143.0,8901.0,23336885776,2552432,384,8708.0,9143.0,1399-04-07
241,2020-06-28,9346.0,9346.0,8511.0,9222.0,173011596009,18760890,2103,8901.0,9160.0,1399-04-08
240,2020-06-29,9170.0,9683.0,8761.0,9198.0,161052459403,17510249,2326,9222.0,9561.0,1399-04-09
239,2020-06-30,9656.0,9657.0,9650.0,9443.0,29670855362,3072541,631,9198.0,9657.0,1399-04-10
238,2020-07-01,9915.0,9915.0,9500.0,9907.0,78428618431,7916474,885,9443.0,9915.0,1399-04-11
237,2020-07-04,10402.0,10402.0,9412.0,10284.0,188233915399,18303475,2917,9907.0,10402.0,1399-04-14
236,2020-07-05,10689.0,10798.0,9880.0,10600.0,61507459163,5802674,1173,10284.0,10798.0,1399-04-15
235,2020-07-06,11130.0,11130.0,11130.0,10817.0,23023317660,2068582,441,10600.0,11130.0,1399-04-16
234,2020-07-07,11357.0,11357.0,11357.0,11131.0,33278111045,2930185,318,10817.0,11357.0,1399-04-17
233,2020-07-08,11687.0,11687.0,11687.0,11315.0,19515922621,1669883,223,11131.0,11687.0,1399-04-18
232,2020-07-12,11750.0,11750.0,11750.0,11479.0,19526984250,1661871,206,11315.0,11750.0,1399-04-22
231,2020-07-13,12000.0,12052.0,10906.0,11417.0,234341714891,20525565,3606,11479.0,11200.0,1399-04-23
230,2020-07-14,11550.0,11987.0,11550.0,11931.0,88452553711,7413786,773,11417.0,11987.0,1399-04-24
229,2020-07-15,12527.0,12527.0,12527.0,12410.0,44472866847,3550161,295,11931.0,12527.0,1399-04-25
228,2020-07-18,13030.0,13030.0,13030.0,13017.0,51428080940,3946898,372,12410.0,13030.0,1399-04-28
227,2020-07-19,13667.0,13667.0,13667.0,13244.0,19239637248,1407744,262,13017.0,13667.0,1399-04-29
226,2020-07-20,13906.0,13906.0,12600.0,13366.0,357808377458,26769286,3881,13244.0,12660.0,1399-04-30
225,2020-07-21,12725.0,13870.0,12698.0,12947.0,221466542492,17105722,2895,13366.0,12698.0,1399-04-31
224,2020-07-22,12710.0,13390.0,12300.0,12564.0,171872986629,13679292,2199,12947.0,12380.0,1399-05-01
223,2020-07-25,12200.0,13192.0,12200.0,13046.0,177237780267,13585782,2245,12564.0,13192.0,1399-05-04
222,2020-07-26,13640.0,13698.0,13200.0,13681.0,106969648200,7818735,1127,13046.0,13698.0,1399-05-05
221,2020-07-27,14365.0,14365.0,14365.0,14007.0,27211260375,1894275,557,13681.0,14365.0,1399-05-06
220,2020-07-28,14707.0,14707.0,14707.0,14186.0,14932605380,1015340,255,14007.0,14707.0,1399-05-07
219,2020-07-29,14895.0,14895.0,14895.0,14884.0,58395638970,3920486,647,14186.0,14895.0,1399-05-08
218,2020-08-01,15628.0,15628.0,15628.0,15212.0,23117375184,1479228,326,14884.0,15628.0,1399-05-11
217,2020-08-02,15972.0,15972.0,15972.0,15972.0,60143955564,3765587,1050,15212.0,15972.0,1399-05-12
216,2020-08-03,16770.0,16700.0,15174.0,15745.0,194667209538,12363816,2970,15972.0,16100.0,1399-05-13
215,2020-08-04,16400.0,16532.0,15650.0,16322.0,71274535814,4366647,1111,15745.0,16532.0,1399-05-14
214,2020-08-05,17138.0,17138.0,16600.0,17096.0,79773574560,4666164,1464,16322.0,17138.0,1399-05-15
213,2020-08-09,17940.0,17950.0,17200.0,17865.0,151779930620,8495976,2585,17096.0,17950.0,1399-05-19
212,2020-08-10,18750.0,18750.0,16972.0,17590.0,90601679515,5150652,1525,17865.0,16972.0,1399-05-20
211,2020-08-11,16711.0,16711.0,16711.0,17453.0,7644964991,457481,169,17590.0,16711.0,1399-05-21
210,2020-08-12,16581.0,18300.0,16581.0,16669.0,153382827030,9201755,1106,17453.0,16581.0,1399-05-22
209,2020-08-15,15836.0,15836.0,15836.0,16528.0,8029469604,507039,193,16669.0,15836.0,1399-05-25
208,2020-08-16,15702.0,15702.0,15702.0,16469.0,3391977444,216022,103,16528.0,15702.0,1399-05-26
207,2020-08-17,15646.0,15646.0,15646.0,16310.0,9087024694,580789,140,16469.0,15646.0,1399-05-27
206,2020-08-18,15700.0,16980.0,15495.0,15701.0,162511143707,10350324,1851,16310.0,15495.0,1399-05-28
205,2020-08-19,14916.0,14916.0,14916.0,15673.0,1588524168,106498,44,15701.0,14916.0,1399-05-29
204,2020-08-22,14900.0,15500.0,14890.0,15296.0,28438732968,1891167,318,15673.0,14890.0,1399-06-01
203,2020-08-23,14532.0,14532.0,14532.0,15284.0,736830528,50704,17,15296.0,14532.0,1399-06-02
202,2020-08-24,14520.0,14520.0,14520.0,15280.0,263828400,18170,20,15284.0,14520.0,1399-06-03
201,2020-08-25,14516.0,14516.0,14516.0,15058.0,13455141688,926918,198,15280.0,14516.0,1399-06-04
200,2020-08-26,14306.0,15700.0,14306.0,14740.0,245412949921,16649501,2999,15058.0,14700.0,1399-06-05
199,2020-08-31,14003.0,14003.0,14003.0,14600.0,9008942074,643358,59,14740.0,14003.0,1399-06-10
198,2020-09-01,13870.0,13870.0,13870.0,14587.0,849814900,61270,21,14600.0,13870.0,1399-06-11
197,2020-09-02,13858.0,13858.0,13858.0,14583.0,239355376,17272,20,14587.0,13858.0,1399-06-12
196,2020-09-05,13854.0,13854.0,13854.0,14557.0,1721428770,124255,22,14583.0,13854.0,1399-06-15
195,2020-09-06,13830.0,13830.0,13830.0,14548.0,592159110,42817,17,14557.0,13830.0,1399-06-16
194,2020-09-07,13821.0,13821.0,13821.0,14546.0,101791665,7365,5,14548.0,13821.0,1399-06-17
193,2020-09-08,13819.0,13819.0,13819.0,14544.0,118110993,8547,6,14546.0,13819.0,1399-06-18
192,2020-09-09,13817.0,13817.0,13817.0,14529.0,991659907,71771,28,14544.0,13817.0,1399-06-19
191,2020-09-12,13803.0,13803.0,13803.0,14516.0,857331936,62112,30,14529.0,13803.0,1399-06-22
190,2020-09-13,13791.0,13791.0,13791.0,14513.0,205416945,14895,5,14516.0,13791.0,1399-06-23
189,2020-09-14,13788.0,13788.0,13788.0,14501.0,803068272,58244,11,14513.0,13788.0,1399-06-24
188,2020-09-15,13776.0,13776.0,13776.0,14439.0,4035458784,292934,74,14501.0,13776.0,1399-06-25
187,2020-09-16,13718.0,13718.0,13718.0,14427.0,802804796,58522,52,14439.0,13718.0,1399-06-26
186,2020-09-19,13706.0,13706.0,13706.0,14422.0,348392814,25419,22,14427.0,13706.0,1399-06-29
185,2020-09-20,13701.0,13701.0,13701.0,14417.0,347169639,25339,8,14422.0,13701.0,1399-06-30
184,2020-09-21,13697.0,13697.0,13697.0,14411.0,372215975,27175,13,14417.0,13697.0,1399-06-31
183,2020-09-26,13691.0,13691.0,13691.0,14396.0,980193454,71594,8,14411.0,13691.0,1399-07-05
182,2020-09-27,13677.0,13677.0,13677.0,14394.0,131805249,9637,7,14396.0,13677.0,1399-07-06
181,2020-09-28,13675.0,13675.0,13675.0,14394.0,13675000,1000,2,14394.0,13675.0,1399-07-07
180,2020-09-29,13675.0,13675.0,13675.0,14393.0,53975225,3947,4,14394.0,13675.0,1399-07-08
179,2020-09-30,13674.0,13674.0,13674.0,14393.0,10487958,767,2,14393.0,13674.0,1399-07-09
178,2020-10-03,13674.0,13674.0,13674.0,14387.0,372889980,27270,20,14393.0,13674.0,1399-07-12
177,2020-10-04,13668.0,13668.0,13668.0,14382.0,319202472,23354,21,14387.0,13668.0,1399-07-13
176,2020-10-05,13663.0,13663.0,13663.0,14374.0,521967589,38203,13,14382.0,13663.0,1399-07-14
175,2020-10-06,13656.0,13656.0,13656.0,14366.0,513028608,37568,30,14374.0,13656.0,1399-07-15
174,2020-10-07,13648.0,13648.0,13648.0,14027.0,22373261936,1639307,71,14366.0,13648.0,1399-07-16
173,2020-10-10,13326.0,13326.0,13326.0,14009.0,1245594546,93471,34,14027.0,13326.0,1399-07-19
172,2020-10-11,13309.0,13309.0,13309.0,13648.0,24469222023,1838547,130,14009.0,13309.0,1399-07-20
171,2020-10-12,12966.0,12966.0,12966.0,13641.0,491515128,37908,17,13648.0,12966.0,1399-07-21
170,2020-10-13,12959.0,12959.0,12959.0,13631.0,645086061,49779,14,13641.0,12959.0,1399-07-22
169,2020-10-14,12950.0,12950.0,12950.0,13618.0,899364550,69449,19,13631.0,12950.0,1399-07-23
168,2020-10-18,12938.0,12938.0,12938.0,13616.0,129017736,9972,6,13618.0,12938.0,1399-07-27
167,2020-10-19,12936.0,12936.0,12936.0,13616.0,23866920,1845,3,13616.0,12936.0,1399-07-28
166,2020-10-20,12936.0,12936.0,12936.0,13615.0,50605632,3912,4,13616.0,12936.0,1399-07-29
165,2020-10-21,12935.0,12935.0,12935.0,13614.0,66731665,5159,7,13615.0,12935.0,1399-07-30
164,2020-10-24,12934.0,12934.0,12934.0,13613.0,87576114,6771,3,13614.0,12934.0,1399-08-03
163,2020-10-26,12933.0,12933.0,12933.0,13613.0,16670637,1289,3,13613.0,12933.0,1399-08-05
162,2020-10-27,12933.0,12933.0,12933.0,13612.0,56051622,4334,4,13613.0,12933.0,1399-08-06
161,2020-10-28,12932.0,12932.0,12932.0,13611.0,63328004,4897,6,13612.0,12932.0,1399-08-07
160,2020-10-31,12931.0,12931.0,12931.0,13608.0,187305535,14485,6,13611.0,12931.0,1399-08-10
159,2020-11-01,12928.0,12928.0,12928.0,13607.0,100308352,7759,3,13608.0,12928.0,1399-08-11
158,2020-11-02,12927.0,12927.0,12927.0,13607.0,22932498,1774,3,13607.0,12927.0,1399-08-12
157,2020-11-04,12927.0,12927.0,12927.0,13603.0,297799299,23037,7,13607.0,12927.0,1399-08-14
156,2020-11-07,12923.0,12923.0,12923.0,13602.0,69306049,5363,3,13603.0,12923.0,1399-08-17
155,2020-11-08,12922.0,12922.0,12922.0,13602.0,22768564,1762,2,13602.0,12922.0,1399-08-18
154,2020-11-09,12922.0,12922.0,12922.0,13601.0,37473800,2900,5,13602.0,12922.0,1399-08-19
153,2020-11-10,12921.0,12921.0,12921.0,13601.0,15078807,1167,3,13601.0,12921.0,1399-08-20
152,2020-11-11,12921.0,12921.0,12921.0,13600.0,90266106,6986,7,13601.0,12921.0,1399-08-21
151,2020-11-14,12920.0,12920.0,12920.0,13595.0,316397880,24489,17,13600.0,12920.0,1399-08-24
150,2020-11-15,12916.0,12916.0,12916.0,13592.0,197924784,15324,7,13595.0,12916.0,1399-08-25
149,2020-11-16,12913.0,12913.0,12913.0,13591.0,52155607,4039,4,13592.0,12913.0,1399-08-26
148,2020-11-17,12912.0,12912.0,12912.0,13590.0,60118272,4656,4,13591.0,12912.0,1399-08-27
147,2020-11-18,12911.0,12911.0,12911.0,13393.0,13803666540,1069140,41,13590.0,12911.0,1399-08-28
146,2020-11-21,12724.0,12724.0,12724.0,13391.0,151122948,11877,9,13393.0,12724.0,1399-09-01
145,2020-11-22,12722.0,12722.0,12722.0,13391.0,33268030,2615,5,13391.0,12722.0,1399-09-02
144,2020-11-23,12722.0,12722.0,12722.0,13388.0,184545332,14506,5,13391.0,12722.0,1399-09-03
143,2020-11-24,12719.0,12719.0,12719.0,12833.0,39374678903,3095737,77,13388.0,12719.0,1399-09-04
142,2020-11-25,12192.0,12192.0,12192.0,12469.0,25873996512,2122211,61,12833.0,12192.0,1399-09-05
141,2020-11-28,11846.0,11846.0,11846.0,12090.0,28914001104,2440824,88,12469.0,11846.0,1399-09-08
140,2020-11-29,11486.0,11486.0,11486.0,11785.0,23280249782,2026837,249,12090.0,11486.0,1399-09-09
139,2020-11-30,11196.0,12290.0,11196.0,11674.0,1983687645689,169929542,20253,11785.0,11970.0,1399-09-10
138,2020-12-01,11700.0,12121.0,11091.0,11539.0,460507868162,39909311,8522,11674.0,11091.0,1399-09-11
137,2020-12-02,11071.0,12115.0,10963.0,11731.0,1083894107437,92398840,14385,11539.0,12115.0,1399-09-12
136,2020-12-05,12190.0,12317.0,11860.0,12257.0,182633382089,14900557,2050,11731.0,12317.0,1399-09-15
135,2020-12-06,12860.0,12860.0,11645.0,11934.0,679523889089,56941818,11123,12257.0,11660.0,1399-09-16
134,2020-12-07,11620.0,12170.0,11338.0,11693.0,270342246708,23120712,5130,11934.0,11338.0,1399-09-17
133,2020-12-08,11251.0,12277.0,11120.0,11916.0,423768303089,35561499,7009,11693.0,12277.0,1399-09-18
132,2020-12-09,12300.0,12511.0,12130.0,12490.0,254501123493,20375670,3041,11916.0,12511.0,1399-09-19
131,2020-12-12,13114.0,13114.0,12511.0,12965.0,280309917198,21620319,3285,12490.0,12630.0,1399-09-22
130,2020-12-14,12317.0,12600.0,12317.0,12452.0,39047626142,3170026,484,12965.0,12317.0,1399-09-24
129,2020-12-15,11830.0,11830.0,11830.0,12421.0,2392333580,202226,60,12452.0,11830.0,1399-09-25
128,2020-12-16,11800.0,11800.0,11800.0,12298.0,9353765600,792692,160,12421.0,11800.0,1399-09-26
127,2020-12-19,11684.0,12260.0,11684.0,11754.0,348308677188,29632838,4700,12298.0,11684.0,1399-09-29
126,2020-12-20,11350.0,11830.0,11167.0,11305.0,59078346739,5225682,961,11754.0,11167.0,1399-09-30
125,2020-12-21,10740.0,11160.0,10740.0,10816.0,278289392331,25729748,3219,11305.0,10740.0,1399-10-01
124,2020-12-29,10274.0,11000.0,10274.0,10439.0,37198953038,3600092,464,10814.0,10274.0,1399-10-09
123,2020-12-30,9918.0,10274.0,9918.0,9941.0,166002266363,16698272,3012,10439.0,9918.0,1399-10-10
122,2021-01-02,9444.0,9444.0,9444.0,9799.0,13594798548,1439517,158,9941.0,9444.0,1399-10-13
121,2021-01-03,9310.0,9310.0,9310.0,9678.0,11580075920,1243832,140,9799.0,9310.0,1399-10-14
120,2021-01-04,9195.0,10000.0,9195.0,9549.0,399160004009,41799376,7276,9678.0,9500.0,1399-10-15
119,2021-01-05,10000.0,10026.0,9620.0,10008.0,202759740971,20259669,2325,9549.0,10026.0,1399-10-16
118,2021-01-06,10300.0,10300.0,9508.0,9623.0,230969444363,24002577,3570,10008.0,9508.0,1399-10-17
117,2021-01-09,9333.0,9508.0,9142.0,9202.0,192847219431,20957217,2780,9623.0,9144.0,1399-10-20
116,2021-01-10,9198.0,9470.0,8742.0,8917.0,159466438539,17882947,3534,9202.0,8746.0,1399-10-21
115,2021-01-11,8910.0,9362.0,8910.0,9315.0,72116471771,7742004,781,8917.0,9362.0,1399-10-22
114,2021-01-12,9780.0,9780.0,9325.0,9676.0,366328573416,37860709,5493,9315.0,9440.0,1399-10-23
113,2021-01-13,9193.0,9599.0,9193.0,9236.0,101873861230,11029760,1981,9676.0,9193.0,1399-10-24
112,2021-01-16,8860.0,9193.0,8775.0,9091.0,18554345333,2093631,358,9236.0,8775.0,1399-10-27
111,2021-01-18,8637.0,8637.0,8637.0,9076.0,1494010986,172978,48,9091.0,8637.0,1399-10-29
110,2021-01-19,8623.0,8623.0,8623.0,9001.0,7726164885,895995,118,9076.0,8623.0,1399-10-30
109,2021-01-20,8551.0,9130.0,8551.0,8631.0,140522254691,16280865,2732,9001.0,8551.0,1399-11-01
108,2021-01-23,8610.0,8830.0,8200.0,8422.0,111031179598,13183023,2403,8631.0,8200.0,1399-11-04
107,2021-01-24,8220.0,8540.0,8001.0,8141.0,94931844862,11660653,2147,8422.0,8001.0,1399-11-05
106,2021-01-25,7734.0,7734.0,7734.0,8075.0,7287315096,942244,140,8141.0,7734.0,1399-11-06
105,2021-01-26,7672.0,7672.0,7672.0,8065.0,1130952536,147413,48,8075.0,7672.0,1399-11-07
104,2021-01-27,7662.0,7662.0,7662.0,8038.0,2932959966,382793,79,8065.0,7662.0,1399-11-08
103,2021-01-30,7637.0,8110.0,7637.0,7784.0,293509660110,37704415,4999,8038.0,7820.0,1399-11-11
102,2021-01-31,8000.0,8000.0,7395.0,7551.0,119169788897,15782843,1942,7784.0,7395.0,1399-11-12
101,2021-02-01,7174.0,7470.0,7174.0,7190.0,80588688440,11209207,1525,7551.0,7174.0,1399-11-13
100,2021-02-02,7200.0,7300.0,6831.0,6953.0,142298438523,20464944,2482,7190.0,6990.0,1399-11-14
99,2021-02-03,7190.0,7250.0,6660.0,6987.0,123701405034,17704318,2992,6953.0,6750.0,1399-11-15
98,2021-02-06,6840.0,6840.0,6638.0,6939.0,6904081140,1036800,195,6987.0,6638.0,1399-11-18
97,2021-02-07,6593.0,7180.0,6593.0,6925.0,162082287486,23404911,2993,6939.0,7100.0,1399-11-19
96,2021-02-08,7220.0,7220.0,6579.0,6701.0,91939937343,13719713,1967,6925.0,6579.0,1399-11-20
95,2021-02-09,6710.0,7036.0,6422.0,6903.0,78307746289,11343447,1252,6701.0,7036.0,1399-11-21
94,2021-02-13,7300.0,7317.0,6770.0,7162.0,34812334633,4771813,486,6903.0,7317.0,1399-11-25
93,2021-02-14,7591.0,7591.0,7400.0,7589.0,128829733121,16976380,943,7162.0,7591.0,1399-11-26
92,2021-02-15,8044.0,8044.0,7651.0,8027.0,71082121034,8855619,741,7589.0,8044.0,1399-11-27
91,2021-02-16,8448.0,8448.0,7867.0,8079.0,77836973565,9633950,906,8027.0,7867.0,1399-11-28
90,2021-02-17,7918.0,7918.0,7918.0,8050.0,10414893792,1315344,88,8079.0,7918.0,1399-11-29
89,2021-02-20,7889.0,7889.0,7889.0,8028.0,6814636535,863815,80,8050.0,7889.0,1399-12-02
88,2021-02-21,7868.0,7868.0,7868.0,8025.0,1033579820,131365,16,8028.0,7868.0,1399-12-03
87,2021-02-22,7865.0,7865.0,7865.0,8025.0,124322055,15807,4,8025.0,7865.0,1399-12-04
86,2021-02-23,7865.0,7865.0,7865.0,8025.0,145651935,18519,13,8025.0,7865.0,1399-12-05
85,2021-02-24,7865.0,7865.0,7865.0,8023.0,494606255,62887,10,8025.0,7865.0,1399-12-06
84,2021-02-27,7863.0,7863.0,7863.0,8022.0,322021302,40954,7,8023.0,7863.0,1399-12-09
83,2021-02-28,7862.0,7862.0,7862.0,8021.0,233603606,29713,3,8022.0,7862.0,1399-12-10
82,2021-03-01,7861.0,7861.0,7861.0,8019.0,493969518,62838,7,8021.0,7861.0,1399-12-11
81,2021-03-02,7859.0,7859.0,7859.0,8019.0,115157927,14653,8,8019.0,7859.0,1399-12-12
80,2021-03-03,7859.0,7859.0,7859.0,8015.0,1230978747,156633,10,8019.0,7859.0,1399-12-13
79,2021-03-06,7855.0,7855.0,7855.0,8015.0,76295615,9713,4,8015.0,7855.0,1399-12-16
78,2021-03-07,7855.0,7855.0,7855.0,8015.0,70797115,9013,4,8015.0,7855.0,1399-12-17
77,2021-03-08,7855.0,7855.0,7855.0,8015.0,83325840,10608,6,8015.0,7855.0,1399-12-18
76,2021-03-09,7855.0,7855.0,7855.0,8014.0,158545320,20184,6,8015.0,7855.0,1399-12-19
75,2021-03-10,7854.0,7854.0,7854.0,8014.0,23734788,3022,3,8014.0,7854.0,1399-12-20
74,2021-03-13,7854.0,7854.0,7854.0,8014.0,34345542,4373,4,8014.0,7854.0,1399-12-23
73,2021-03-14,7854.0,7854.0,7854.0,8001.0,3984075018,507267,21,8014.0,7854.0,1399-12-24
72,2021-03-15,7841.0,7841.0,7841.0,8001.0,49006250,6250,5,8001.0,7841.0,1399-12-25
71,2021-03-16,7841.0,7841.0,7841.0,7987.0,4391955807,560127,39,8001.0,7841.0,1399-12-26
70,2021-03-17,7828.0,7828.0,7828.0,7973.0,4224615040,539680,34,7987.0,7828.0,1399-12-27
69,2021-03-27,7814.0,7814.0,7814.0,7972.0,167360252,21418,9,7973.0,7814.0,1400-01-07
68,2021-03-28,7813.0,7813.0,7813.0,7971.0,171948504,22008,9,7972.0,7813.0,1400-01-08
67,2021-03-30,7812.0,7812.0,7812.0,7971.0,132843060,17005,7,7971.0,7812.0,1400-01-10
66,2021-03-31,7812.0,7812.0,7812.0,7971.0,13280400,1700,2,7971.0,7812.0,1400-01-11
65,2021-04-03,7812.0,7812.0,7812.0,7970.0,163044252,20871,10,7971.0,7812.0,1400-01-14
64,2021-04-04,7811.0,7811.0,7811.0,7965.0,1577822000,202000,4,7970.0,7811.0,1400-01-15
63,2021-04-05,7806.0,7806.0,7806.0,7965.0,42909582,5497,6,7965.0,7806.0,1400-01-16
62,2021-04-06,7806.0,7806.0,7806.0,7965.0,81791268,10478,2,7965.0,7806.0,1400-01-17
61,2021-04-10,7806.0,7806.0,7806.0,7962.0,780600000,100000,1,7965.0,7806.0,1400-01-21
60,2021-04-13,7803.0,7803.0,7803.0,7962.0,28683828,3676,3,7962.0,7803.0,1400-01-24
59,2021-04-14,7803.0,7803.0,7803.0,7962.0,90124650,11550,2,7962.0,7803.0,1400-01-25
58,2021-04-24,7724.0,7724.0,7724.0,7962.0,56130308,7267,3,7962.0,7724.0,1400-02-04
57,2021-04-27,7724.0,7724.0,7724.0,7962.0,22669940,2935,3,7962.0,7724.0,1400-02-07
56,2021-04-28,7724.0,7724.0,7724.0,7962.0,11199800,1450,2,7962.0,7724.0,1400-02-08
55,2021-05-01,7724.0,7724.0,7724.0,7962.0,5020600,650,1,7962.0,7724.0,1400-02-11
54,2021-05-09,7724.0,7724.0,7724.0,7961.0,159500600,20650,1,7962.0,7724.0,1400-02-19
53,2021-05-11,7723.0,7723.0,7723.0,7961.0,37471996,4852,3,7961.0,7723.0,1400-02-21
52,2021-05-12,7723.0,7723.0,7723.0,7961.0,5019950,650,1,7961.0,7723.0,1400-02-22
51,2021-05-15,7563.0,7563.0,7563.0,7961.0,10323495,1365,2,7961.0,7563.0,1400-02-25
50,2021-05-16,7563.0,7563.0,7563.0,7960.0,30252000,4000,1,7961.0,7563.0,1400-02-26
49,2021-05-29,7562.0,7562.0,7562.0,7956.0,151240000,20000,2,7960.0,7562.0,1400-03-08
48,2021-05-30,7559.0,7559.0,7559.0,7948.0,277324592,36688,9,7956.0,7559.0,1400-03-09
47,2021-05-31,7551.0,7551.0,7551.0,7944.0,160979769,21319,2,7948.0,7551.0,1400-03-10
46,2021-06-01,7547.0,7547.0,7547.0,7940.0,150940000,20000,1,7944.0,7547.0,1400-03-11
45,2021-06-02,7543.0,7543.0,7543.0,7710.0,8244989295,1093065,20,7940.0,7543.0,1400-03-12
44,2021-06-07,7325.0,7325.0,7325.0,7700.0,364799650,49802,12,7710.0,7325.0,1400-03-17
43,2021-06-08,7315.0,7315.0,7315.0,7689.0,397204500,54300,4,7700.0,7315.0,1400-03-18
42,2021-06-09,6921.0,6921.0,6921.0,7655.0,587682873,84913,25,7689.0,6921.0,1400-03-19
41,2021-06-12,7273.0,7273.0,7273.0,7649.0,227455802,31274,3,7655.0,7273.0,1400-03-22
40,2021-06-14,7267.0,7267.0,7267.0,7647.0,63222900,8700,2,7649.0,7267.0,1400-03-24
39,2021-06-15,7265.0,7265.0,7265.0,7646.0,26386480,3632,1,7647.0,7265.0,1400-03-25
38,2021-06-16,7264.0,7264.0,7264.0,7646.0,5084800,700,1,7646.0,7264.0,1400-03-26
37,2021-06-19,7264.0,7264.0,7264.0,7646.0,5564224,766,1,7646.0,7264.0,1400-03-29
36,2021-06-20,6882.0,6882.0,6882.0,7576.0,1242772206,180583,22,7646.0,6882.0,1400-03-30
35,2021-06-21,7198.0,7198.0,7198.0,7576.0,5038600,700,1,7576.0,7198.0,1400-03-31
34,2021-06-22,7198.0,7198.0,7198.0,7571.0,169786424,23588,4,7576.0,7198.0,1400-04-01
33,2021-06-23,7193.0,7193.0,7193.0,7568.0,114347121,15897,6,7571.0,7193.0,1400-04-02
32,2021-06-26,7190.0,7190.0,7190.0,7563.0,173904530,24187,7,7568.0,7190.0,1400-04-05
31,2021-06-27,7185.0,7185.0,7185.0,7561.0,92945160,12936,9,7563.0,7185.0,1400-04-06
30,2021-06-28,7183.0,7183.0,7183.0,7560.0,27108642,3774,2,7561.0,7183.0,1400-04-07
29,2021-06-29,6804.0,6804.0,6804.0,7439.0,2158337664,317216,93,7560.0,6804.0,1400-04-08
28,2021-06-30,7068.0,7068.0,7068.0,7438.0,41573976,5882,4,7439.0,7068.0,1400-04-09
27,2021-07-03,7067.0,7067.0,7067.0,7437.0,34310285,4855,4,7438.0,7067.0,1400-04-12
26,2021-07-04,7066.0,7066.0,7066.0,7434.0,111642800,15800,4,7437.0,7066.0,1400-04-13
25,2021-07-05,7063.0,7063.0,7063.0,7432.0,80843098,11446,7,7434.0,7063.0,1400-04-14
24,2021-07-06,7061.0,7340.0,7061.0,7084.0,660575119633,93252142,9162,7432.0,7061.0,1400-04-15
23,2021-07-07,7000.0,7230.0,6880.0,7109.0,182666035940,25694102,4409,7084.0,7011.0,1400-04-16
22,2021-07-10,7163.0,7340.0,6850.0,7136.0,137658916586,19291334,3073,7109.0,7300.0,1400-04-19
21,2021-07-11,7250.0,7492.0,7250.0,7460.0,190741306708,25568648,3905,7136.0,7492.0,1400-04-20
20,2021-07-12,7500.0,7650.0,7087.0,7210.0,111048101826,15402207,3019,7460.0,7087.0,1400-04-21
19,2021-07-13,7087.0,7094.0,6850.0,6912.0,78446843305,11348940,2113,7210.0,6860.0,1400-04-22
18,2021-07-14,6850.0,7080.0,6772.0,6925.0,50663032136,7315663,1348,6912.0,6983.0,1400-04-23
17,2021-07-17,6980.0,7114.0,6631.0,6797.0,53677388778,7896935,1285,6925.0,6633.0,1400-04-26
16,2021-07-18,6700.0,6700.0,6458.0,6481.0,34771817767,5364883,896,6797.0,6458.0,1400-04-27
15,2021-07-19,6171.0,6470.0,6157.0,6227.0,86387042918,13872995,2405,6481.0,6157.0,1400-04-28
14,2021-07-26,6284.0,6480.0,6054.0,6361.0,60966122711,9584711,1789,6227.0,6320.0,1400-05-04
13,2021-07-27,6430.0,6460.0,6043.0,6093.0,33937157212,5569984,1023,6361.0,6043.0,1400-05-05
12,2021-07-28,5820.0,5879.0,5789.0,5793.0,39169095116,6761442,970,6093.0,5789.0,1400-05-06
11,2021-07-31,5550.0,5770.0,5504.0,5547.0,87543383521,15782517,2121,5793.0,5600.0,1400-05-09
10,2021-08-01,5600.0,5747.0,5500.0,5600.0,46486988270,8301059,1381,5547.0,5663.0,1400-05-10
9,2021-08-02,5710.0,5710.0,5503.0,5566.0,23525376424,4226375,783,5600.0,5539.0,1400-05-11
8,2021-08-03,5620.0,5760.0,5535.0,5636.0,31297199475,5553207,958,5566.0,5578.0,1400-05-12
7,2021-08-04,5590.0,5720.0,5355.0,5451.0,40311572784,7394896,1155,5636.0,5355.0,1400-05-13
6,2021-08-07,5450.0,5450.0,5181.0,5266.0,40105122619,7615974,1056,5451.0,5193.0,1400-05-16
5,2021-08-08,5155.0,5529.0,5151.0,5431.0,35128552231,6468371,1002,5266.0,5529.0,1400-05-17
4,2021-08-09,5657.0,5702.0,5548.0,5662.0,29716061213,5247930,760,5431.0,5702.0,1400-05-18
3,2021-08-10,5945.0,5945.0,5945.0,5834.0,9933530225,1670905,181,5662.0,5945.0,1400-05-19
2,2021-08-11,6120.0,6120.0,5730.0,5934.0,56484249321,9519028,1406,5834.0,5800.0,1400-05-20
1,2021-08-14,5737.0,5900.0,5638.0,5769.0,10728299801,1878331,386,5934.0,5638.0,1400-05-23
0,2021-08-15,5481.0,5945.0,5481.0,5761.0,59035351172,10246823,1476,5769.0,5909.0,1400-05-24
